-6 4.40096164328 0.940886974624 1.0 0 #hexagon-pillars-n10-s1.0-t0.0239473684211.msh
-6 5.07600723263 0.926157199784 1.0 0 #hexagon-pillars-n10-s1.0-t0.0252077562327.msh
-6 5.84862105221 0.916715403444 1.0 0 #hexagon-pillars-n10-s1.0-t0.0264681440443.msh
-6 6.70936122094 0.910979425997 1.0 0 #hexagon-pillars-n10-s1.0-t0.027728531856.msh
-6 7.68289436692 0.905590508219 1.0 0 #hexagon-pillars-n10-s1.0-t0.0289889196676.msh
-6 8.61115096381 0.887488901531 1.0 0 #hexagon-pillars-n10-s1.0-t0.0302493074792.msh
-6 9.70042987334 0.87573550244 1.0 0 #hexagon-pillars-n10-s1.0-t0.0315096952909.msh
-6 10.8842222177 0.866677561158 1.0 0 #hexagon-pillars-n10-s1.0-t0.0327700831025.msh
-6 12.0826946239 0.852758148168 1.0 0 #hexagon-pillars-n10-s1.0-t0.0340304709141.msh
-6 13.604442929 0.832188012887 1.0 0 #hexagon-pillars-n10-s1.0-t0.0352908587258.msh
-6 14.7742453445 0.815504115479 1.0 0 #hexagon-pillars-n10-s1.0-t0.0365512465374.msh
-6 16.9245506257 0.832635735513 1.0 0 #hexagon-pillars-n10-s1.0-t0.037811634349.msh
-6 18.1599202944 0.787919929701 1.0 0 #hexagon-pillars-n10-s1.0-t0.0390720221607.msh
-6 20.130188261 0.792684915722 1.0 0 #hexagon-pillars-n10-s1.0-t0.0403324099723.msh
-6 21.6885138033 0.748624662549 1.0 0 #hexagon-pillars-n10-s1.0-t0.0415927977839.msh
-6 24.5594531223 0.747739248658 1.0 0 #hexagon-pillars-n10-s1.0-t0.0428531855956.msh
-6 27.208570657 0.63915691737 1.0 0 #hexagon-pillars-n10-s1.0-t0.0441135734072.msh
-6 32.6196773426 0.591263943133 1.0 0 #hexagon-pillars-n10-s1.0-t0.0453739612188.msh
-6 29.1092053387 0.434093103206 1.0 0 #hexagon-pillars-n10-s1.0-t0.0466343490305.msh
-6 48.9530875162 0.600993859154 1.0 0 #hexagon-pillars-n10-s1.0-t0.0478947368421.msh
-6 8.2182035561 0.898354824779 1.0 0 #hexagon-pillars-n10-s1.1-t0.0265789473684.msh
-6 9.50117627573 0.877880521774 1.0 0 #hexagon-pillars-n10-s1.1-t0.0279778393352.msh
-6 10.9470290574 0.868184000919 1.0 0 #hexagon-pillars-n10-s1.1-t0.0293767313019.msh
-6 12.3829849091 0.850230524038 1.0 0 #hexagon-pillars-n10-s1.1-t0.0307756232687.msh
-6 13.9162485681 0.830389825654 1.0 0 #hexagon-pillars-n10-s1.1-t0.0321745152355.msh
-6 15.6963397173 0.811468201696 1.0 0 #hexagon-pillars-n10-s1.1-t0.0335734072022.msh
-6 17.5648971583 0.797841824742 1.0 0 #hexagon-pillars-n10-s1.1-t0.034972299169.msh
-6 19.83314776 0.804581741139 1.0 0 #hexagon-pillars-n10-s1.1-t0.0363711911357.msh
-6 21.732473453 0.760749034208 1.0 0 #hexagon-pillars-n10-s1.1-t0.0377700831025.msh
-6 24.2138210978 0.738854548469 1.0 0 #hexagon-pillars-n10-s1.1-t0.0391689750693.msh
-6 26.1879441342 0.725836130674 1.0 0 #hexagon-pillars-n10-s1.1-t0.040567867036.msh
-6 29.4699427211 0.723055239842 1.0 0 #hexagon-pillars-n10-s1.1-t0.0419667590028.msh
-6 30.901203962 0.669020744405 1.0 0 #hexagon-pillars-n10-s1.1-t0.0433656509695.msh
-6 34.6861844333 0.664256127519 1.0 0 #hexagon-pillars-n10-s1.1-t0.0447645429363.msh
-6 36.8472021025 0.614133723122 1.0 0 #hexagon-pillars-n10-s1.1-t0.046163434903.msh
-6 40.4144515082 0.604295541525 1.0 0 #hexagon-pillars-n10-s1.1-t0.0475623268698.msh
-6 47.2519077442 0.547617087347 1.0 0 #hexagon-pillars-n10-s1.1-t0.0489612188366.msh
-6 52.5051511009 0.379843492796 1.0 0 #hexagon-pillars-n10-s1.1-t0.0503601108033.msh
-6 56.3982869252 0.36154707826 1.0 0 #hexagon-pillars-n10-s1.1-t0.0517590027701.msh
-6 79.2904340773 0.5121206526 1.0 0 #hexagon-pillars-n10-s1.1-t0.0531578947368.msh
-6 15.0454972685 0.817111676357 1.0 0 #hexagon-pillars-n10-s1.2-t0.0292105263158.msh
-6 17.267413008 0.796296833832 1.0 0 #hexagon-pillars-n10-s1.2-t0.0307479224377.msh
-6 19.8695984488 0.79120452644 1.0 0 #hexagon-pillars-n10-s1.2-t0.0322853185596.msh
-6 22.0297881859 0.746750682845 1.0 0 #hexagon-pillars-n10-s1.2-t0.0338227146814.msh
-6 24.470164659 0.723633013367 1.0 0 #hexagon-pillars-n10-s1.2-t0.0353601108033.msh
-6 27.5483693202 0.701120052457 1.0 0 #hexagon-pillars-n10-s1.2-t0.0368975069252.msh
-6 30.624640909 0.686061904684 1.0 0 #hexagon-pillars-n10-s1.2-t0.0384349030471.msh
-6 34.0146374841 0.668282929994 1.0 0 #hexagon-pillars-n10-s1.2-t0.039972299169.msh
-6 36.2272065315 0.638497969304 1.0 0 #hexagon-pillars-n10-s1.2-t0.0415096952909.msh
-6 39.2520658506 0.609918818949 1.0 0 #hexagon-pillars-n10-s1.2-t0.0430470914127.msh
-6 44.6762512165 0.626125693427 1.0 0 #hexagon-pillars-n10-s1.2-t0.0445844875346.msh
-6 46.995940613 0.582911940723 1.0 0 #hexagon-pillars-n10-s1.2-t0.0461218836565.msh
-6 48.5674915826 0.534089904997 1.0 0 #hexagon-pillars-n10-s1.2-t0.0476592797784.msh
-6 51.9411357387 0.49688300016 1.0 0 #hexagon-pillars-n10-s1.2-t0.0491966759003.msh
-6 54.3388930279 0.483766239057 1.0 0 #hexagon-pillars-n10-s1.2-t0.0507340720222.msh
-6 64.714236435 0.502351809837 1.0 0 #hexagon-pillars-n10-s1.2-t0.052271468144.msh
-6 65.5544374774 0.342805312987 1.0 0 #hexagon-pillars-n10-s1.2-t0.0538088642659.msh
-6 59.8354660571 0.252680351977 1.0 0 #hexagon-pillars-n10-s1.2-t0.0553462603878.msh
-6 80.7567220742 0.334606839961 1.0 0 #hexagon-pillars-n10-s1.2-t0.0568836565097.msh
-6 84.5836657173 0.318355425629 1.0 0 #hexagon-pillars-n10-s1.2-t0.0584210526316.msh
-6 26.8094872301 0.706354150303 1.0 0 #hexagon-pillars-n10-s1.3-t0.0318421052632.msh
-6 30.4451421544 0.680502175109 1.0 0 #hexagon-pillars-n10-s1.3-t0.0335180055402.msh
-6 34.9866242838 0.679735729036 1.0 0 #hexagon-pillars-n10-s1.3-t0.0351939058172.msh
-6 38.3334736725 0.635673927119 1.0 0 #hexagon-pillars-n10-s1.3-t0.0368698060942.msh
-6 41.8955855183 0.593769493366 1.0 0 #hexagon-pillars-n10-s1.3-t0.0385457063712.msh
-6 47.4957739905 0.60660953873 1.0 0 #hexagon-pillars-n10-s1.3-t0.0402216066482.msh
-6 49.6310910516 0.567928874882 1.0 0 #hexagon-pillars-n10-s1.3-t0.0418975069252.msh
-6 52.6685711116 0.502813282138 1.0 0 #hexagon-pillars-n10-s1.3-t0.0435734072022.msh
-6 59.8840501256 0.536575503443 1.0 0 #hexagon-pillars-n10-s1.3-t0.0452493074792.msh
-6 60.1218891741 0.488344794885 1.0 0 #hexagon-pillars-n10-s1.3-t0.0469252077562.msh
-6 68.1330995121 0.497632502711 1.0 0 #hexagon-pillars-n10-s1.3-t0.0486011080332.msh
-6 70.597679233 0.4478680082 1.0 0 #hexagon-pillars-n10-s1.3-t0.0502770083102.msh
-6 71.4196526242 0.385833507003 1.0 0 #hexagon-pillars-n10-s1.3-t0.0519529085873.msh
-6 80.5806063727 0.420838110032 1.0 0 #hexagon-pillars-n10-s1.3-t0.0536288088643.msh
-6 76.6223404457 0.353679365276 1.0 0 #hexagon-pillars-n10-s1.3-t0.0553047091413.msh
-6 81.3067305175 0.324930838351 1.0 0 #hexagon-pillars-n10-s1.3-t0.0569806094183.msh
-6 78.4473963348 0.254242724948 1.0 0 #hexagon-pillars-n10-s1.3-t0.0586565096953.msh
-6 86.1903971318 0.236859432395 1.0 0 #hexagon-pillars-n10-s1.3-t0.0603324099723.msh
-6 29.9116184868 0.0443375244766 1.0 0 #hexagon-pillars-n10-s1.3-t0.0620083102493.msh
-6 40.0650552513 0.0562219055399 1.0 0 #hexagon-pillars-n10-s1.3-t0.0636842105263.msh
-6 47.0577478705 0.592985240923 1.0 0 #hexagon-pillars-n10-s1.4-t0.0344736842105.msh
-6 51.9359947109 0.568548010178 1.0 0 #hexagon-pillars-n10-s1.4-t0.0362880886427.msh
-6 53.1658773463 0.48586619607 1.0 0 #hexagon-pillars-n10-s1.4-t0.0381024930748.msh
-6 58.8613604527 0.482646198158 1.0 0 #hexagon-pillars-n10-s1.4-t0.0399168975069.msh
-6 61.1425763754 0.439515871246 1.0 0 #hexagon-pillars-n10-s1.4-t0.0417313019391.msh
-6 67.0355849082 0.416337936384 1.0 0 #hexagon-pillars-n10-s1.4-t0.0435457063712.msh
-6 70.7598534882 0.394828541213 1.0 0 #hexagon-pillars-n10-s1.4-t0.0453601108033.msh
-6 84.1877958087 0.444929518253 1.0 0 #hexagon-pillars-n10-s1.4-t0.0471745152355.msh
-6 85.6328354318 0.401576265285 1.0 0 #hexagon-pillars-n10-s1.4-t0.0489889196676.msh
-6 81.7548840344 0.334413316749 1.0 0 #hexagon-pillars-n10-s1.4-t0.0508033240997.msh
-6 90.8348162854 0.352137118367 1.0 0 #hexagon-pillars-n10-s1.4-t0.0526177285319.msh
-6 87.1794939653 0.313651699928 1.0 0 #hexagon-pillars-n10-s1.4-t0.054432132964.msh
-6 102.358570357 0.351355976291 1.0 0 #hexagon-pillars-n10-s1.4-t0.0562465373961.msh
-6 100.615047514 0.279681230253 1.0 0 #hexagon-pillars-n10-s1.4-t0.0580609418283.msh
-6 96.1465334264 0.246003442528 1.0 0 #hexagon-pillars-n10-s1.4-t0.0598753462604.msh
-6 93.3971264302 0.254687227853 1.0 0 #hexagon-pillars-n10-s1.4-t0.0616897506925.msh
-6 96.5842133048 0.214102849932 1.0 0 #hexagon-pillars-n10-s1.4-t0.0635041551247.msh
-6 97.2665210282 0.211768890901 1.0 0 #hexagon-pillars-n10-s1.4-t0.0653185595568.msh
-6 122.622529065 0.288621566336 1.0 0 #hexagon-pillars-n10-s1.4-t0.0671329639889.msh
-6 143.296076421 0.329857464857 1.0 0 #hexagon-pillars-n10-s1.4-t0.0689473684211.msh
-6 68.1083115561 0.389453086236 1.0 0 #hexagon-pillars-n10-s1.5-t0.0371052631579.msh
-6 84.8456425736 0.391351572896 1.0 0 #hexagon-pillars-n10-s1.5-t0.0390581717452.msh
-6 84.1428810636 0.378527360724 1.0 0 #hexagon-pillars-n10-s1.5-t0.0410110803324.msh
-6 80.288094425 0.328066312515 1.0 0 #hexagon-pillars-n10-s1.5-t0.0429639889197.msh
-6 89.9375629625 0.338042173697 1.0 0 #hexagon-pillars-n10-s1.5-t0.0449168975069.msh
-6 93.6578067345 0.322320197819 1.0 0 #hexagon-pillars-n10-s1.5-t0.0468698060942.msh
-6 97.9653870343 0.284761086464 1.0 0 #hexagon-pillars-n10-s1.5-t0.0488227146814.msh
-6 91.1378455328 0.24790911253 1.0 0 #hexagon-pillars-n10-s1.5-t0.0507756232687.msh
-6 98.6351603313 0.277982617052 1.0 0 #hexagon-pillars-n10-s1.5-t0.052728531856.msh
-6 95.6123939461 0.250014967951 1.0 0 #hexagon-pillars-n10-s1.5-t0.0546814404432.msh
-6 110.079676168 0.261103708967 1.0 0 #hexagon-pillars-n10-s1.5-t0.0566343490305.msh
-6 105.731082146 0.237525065965 1.0 0 #hexagon-pillars-n10-s1.5-t0.0585872576177.msh
-6 99.9541088033 0.224223297073 1.0 0 #hexagon-pillars-n10-s1.5-t0.060540166205.msh
-6 129.743536267 0.242370128271 1.0 0 #hexagon-pillars-n10-s1.5-t0.0624930747922.msh
-6 141.45945623 0.268216606006 1.0 0 #hexagon-pillars-n10-s1.5-t0.0644459833795.msh
-6 99.2757233201 0.182462205616 1.0 0 #hexagon-pillars-n10-s1.5-t0.0663988919668.msh
-6 99.8460098713 0.1797457911 1.0 0 #hexagon-pillars-n10-s1.5-t0.068351800554.msh
-6 107.918654659 0.0844989194326 1.0 0 #hexagon-pillars-n10-s1.5-t0.0703047091413.msh
-6 94.4165765744 0.0714819231532 1.0 0 #hexagon-pillars-n10-s1.5-t0.0722576177285.msh
-6 180.738905554 0.343452857225 1.0 0 #hexagon-pillars-n10-s1.5-t0.0742105263158.msh
-6 89.445421812 0.261130004542 1.0 0 #hexagon-pillars-n10-s1.6-t0.0397368421053.msh
-6 107.224849901 0.304379433489 1.0 0 #hexagon-pillars-n10-s1.6-t0.0418282548476.msh
-6 112.986765599 0.288179303794 1.0 0 #hexagon-pillars-n10-s1.6-t0.04391966759.msh
-6 110.998590661 0.235524232442 1.0 0 #hexagon-pillars-n10-s1.6-t0.0460110803324.msh
-6 107.00649538 0.248538932573 1.0 0 #hexagon-pillars-n10-s1.6-t0.0481024930748.msh
-6 101.354298262 0.224171892348 1.0 0 #hexagon-pillars-n10-s1.6-t0.0501939058172.msh
-6 119.652336784 0.245031661919 1.0 0 #hexagon-pillars-n10-s1.6-t0.0522853185596.msh
-6 116.849219038 0.211711591645 1.0 0 #hexagon-pillars-n10-s1.6-t0.0543767313019.msh
-6 121.221363731 0.234002951453 1.0 0 #hexagon-pillars-n10-s1.6-t0.0564681440443.msh
-6 109.328530176 0.198928871163 1.0 0 #hexagon-pillars-n10-s1.6-t0.0585595567867.msh
-6 112.55530068 0.196443678898 1.0 0 #hexagon-pillars-n10-s1.6-t0.0606509695291.msh
-6 116.844039696 0.197696170551 1.0 0 #hexagon-pillars-n10-s1.6-t0.0627423822715.msh
-6 98.1665801754 0.148786015332 1.0 0 #hexagon-pillars-n10-s1.6-t0.0648337950139.msh
-6 111.297876014 0.19583243568 1.0 0 #hexagon-pillars-n10-s1.6-t0.0669252077562.msh
-6 115.128945885 0.189646047384 1.0 0 #hexagon-pillars-n10-s1.6-t0.0690166204986.msh
-6 107.753212664 0.170202452615 1.0 0 #hexagon-pillars-n10-s1.6-t0.071108033241.msh
-6 118.577442428 0.193302794662 1.0 0 #hexagon-pillars-n10-s1.6-t0.0731994459834.msh
-6 67.0776208283 0.0714889003351 1.0 0 #hexagon-pillars-n10-s1.6-t0.0752908587258.msh
-6 141.08186138 0.276206320138 1.0 0 #hexagon-pillars-n10-s1.6-t0.0773822714681.msh
-6 192.31749067 0.347964183315 1.0 0 #hexagon-pillars-n10-s1.6-t0.0794736842105.msh
-6 115.398036004 0.22901807866 1.0 0 #hexagon-pillars-n10-s1.7-t0.0423684210526.msh
-6 111.011619634 0.201499422555 1.0 0 #hexagon-pillars-n10-s1.7-t0.0445983379501.msh
-6 126.220665102 0.242210604959 1.0 0 #hexagon-pillars-n10-s1.7-t0.0468282548476.msh
-6 138.209166087 0.22391718752 1.0 0 #hexagon-pillars-n10-s1.7-t0.0490581717452.msh
-6 143.143146135 0.263836341006 1.0 0 #hexagon-pillars-n10-s1.7-t0.0512880886427.msh
-6 136.928380676 0.246952977825 1.0 0 #hexagon-pillars-n10-s1.7-t0.0535180055402.msh
-6 136.703060139 0.241232679005 1.0 0 #hexagon-pillars-n10-s1.7-t0.0557479224377.msh
-6 144.460849556 0.254015858187 1.0 0 #hexagon-pillars-n10-s1.7-t0.0579778393352.msh
-6 152.45721931 0.268966808738 1.0 0 #hexagon-pillars-n10-s1.7-t0.0602077562327.msh
-6 134.57495975 0.221219340161 1.0 0 #hexagon-pillars-n10-s1.7-t0.0624376731302.msh
-6 167.565070391 0.2974662388 1.0 0 #hexagon-pillars-n10-s1.7-t0.0646675900277.msh
-6 134.808937854 0.234079113231 1.0 0 #hexagon-pillars-n10-s1.7-t0.0668975069252.msh
-6 157.991603385 0.28054071373 1.0 0 #hexagon-pillars-n10-s1.7-t0.0691274238227.msh
-6 175.323598808 0.30681278107 1.0 0 #hexagon-pillars-n10-s1.7-t0.0713573407202.msh
-6 102.990268025 0.176665003562 1.0 0 #hexagon-pillars-n10-s1.7-t0.0735872576177.msh
-6 100.805156677 0.16810765686 1.0 0 #hexagon-pillars-n10-s1.7-t0.0758171745152.msh
-6 155.000487319 0.273543142415 1.0 0 #hexagon-pillars-n10-s1.7-t0.0780470914127.msh
-6 197.406133694 0.348175705353 1.0 0 #hexagon-pillars-n10-s1.7-t0.0802770083102.msh
-6 18.9096592287 0.172779804411 1.0 0 #hexagon-pillars-n10-s1.7-t0.0825069252078.msh
-6 17.5236393646 0.177377266064 1.0 0 #hexagon-pillars-n10-s1.7-t0.0847368421053.msh
-6 0.746440225101 0.990023535372 1.0 0 #hexagon-pillars-n20-s1.0-t0.0103846153846.msh
-6 0.868827966187 0.988490285366 1.0 0 #hexagon-pillars-n20-s1.0-t0.0109311740891.msh
-6 1.00474985822 0.987310462083 1.0 0 #hexagon-pillars-n20-s1.0-t0.0114777327935.msh
-6 1.15399762381 0.9857299934 1.0 0 #hexagon-pillars-n20-s1.0-t0.012024291498.msh
-6 1.31759668759 0.983935278322 1.0 0 #hexagon-pillars-n20-s1.0-t0.0125708502024.msh
-6 1.49640775121 0.982267152058 1.0 0 #hexagon-pillars-n20-s1.0-t0.0131174089069.msh
-6 1.69213028242 0.980626655249 1.0 0 #hexagon-pillars-n20-s1.0-t0.0136639676113.msh
-6 1.90386570597 0.978614968596 1.0 0 #hexagon-pillars-n20-s1.0-t0.0142105263158.msh
-6 2.13289948233 0.976329617586 1.0 0 #hexagon-pillars-n20-s1.0-t0.0147570850202.msh
-6 2.38102810175 0.974586284631 1.0 0 #hexagon-pillars-n20-s1.0-t0.0153036437247.msh
-6 2.6519907374 0.972011178541 1.0 0 #hexagon-pillars-n20-s1.0-t0.0158502024291.msh
-6 2.94335662185 0.969871975749 1.0 0 #hexagon-pillars-n20-s1.0-t0.0163967611336.msh
-6 4.04254030324 0.95826584441 1.0 0 #hexagon-pillars-n20-s1.0-t0.0169433198381.msh
-6 4.42586258495 0.954274445806 1.0 0 #hexagon-pillars-n20-s1.0-t0.0174898785425.msh
-6 5.31473129697 0.942318741532 1.0 0 #hexagon-pillars-n20-s1.0-t0.018036437247.msh
-6 6.17633995061 0.936229679249 1.0 0 #hexagon-pillars-n20-s1.0-t0.0185829959514.msh
-6 10.2765339616 0.877775288412 1.0 0 #hexagon-pillars-n20-s1.0-t0.0191295546559.msh
-6 10.8985384416 0.87120861385 1.0 0 #hexagon-pillars-n20-s1.0-t0.0196761133603.msh
-6 15.8571040064 0.809278988037 1.0 0 #hexagon-pillars-n20-s1.0-t0.0202226720648.msh
-6 20.8282690533 0.734999858978 1.0 0 #hexagon-pillars-n20-s1.0-t0.0207692307692.msh
-6 1.49864999239 0.982293466623 1.0 0 #hexagon-pillars-n20-s1.1-t0.0116666666667.msh
-6 1.74486549414 0.980408950622 1.0 0 #hexagon-pillars-n20-s1.1-t0.0122807017544.msh
-6 2.01760321448 0.97776734448 1.0 0 #hexagon-pillars-n20-s1.1-t0.0128947368421.msh
-6 2.31615194156 0.975265880856 1.0 0 #hexagon-pillars-n20-s1.1-t0.0135087719298.msh
-6 2.64296286891 0.973053468779 1.0 0 #hexagon-pillars-n20-s1.1-t0.0141228070175.msh
-6 2.99648597121 0.969100100302 1.0 0 #hexagon-pillars-n20-s1.1-t0.0147368421053.msh
-6 3.38475926242 0.966112598326 1.0 0 #hexagon-pillars-n20-s1.1-t0.015350877193.msh
-6 3.81020888398 0.963105418396 1.0 0 #hexagon-pillars-n20-s1.1-t0.0159649122807.msh
-6 4.26344628075 0.958493942604 1.0 0 #hexagon-pillars-n20-s1.1-t0.0165789473684.msh
-6 4.75664109013 0.955230481251 1.0 0 #hexagon-pillars-n20-s1.1-t0.0171929824561.msh
-6 5.29409167716 0.950032181188 1.0 0 #hexagon-pillars-n20-s1.1-t0.0178070175439.msh
-6 5.86571213393 0.945747120344 1.0 0 #hexagon-pillars-n20-s1.1-t0.0184210526316.msh
-6 6.49366253052 0.940508670726 1.0 0 #hexagon-pillars-n20-s1.1-t0.0190350877193.msh
-6 8.62124673871 0.921617415672 1.0 0 #hexagon-pillars-n20-s1.1-t0.019649122807.msh
-6 10.3677767392 0.90140738845 1.0 0 #hexagon-pillars-n20-s1.1-t0.0202631578947.msh
-6 11.2450485811 0.893553070736 1.0 0 #hexagon-pillars-n20-s1.1-t0.0208771929825.msh
-6 13.5136449902 0.856421174808 1.0 0 #hexagon-pillars-n20-s1.1-t0.0214912280702.msh
-6 20.8411608567 0.76819756421 1.0 0 #hexagon-pillars-n20-s1.1-t0.0221052631579.msh
-6 27.9982610975 0.676893278712 1.0 0 #hexagon-pillars-n20-s1.1-t0.0227192982456.msh
-6 29.4181210923 0.682443445431 1.0 0 #hexagon-pillars-n20-s1.1-t0.0233333333333.msh
-6 3.0275104274 0.969537839006 1.0 0 #hexagon-pillars-n20-s1.2-t0.0129487179487.msh
-6 3.51901455072 0.965635518347 1.0 0 #hexagon-pillars-n20-s1.2-t0.0136302294197.msh
-6 4.05798816041 0.960708017074 1.0 0 #hexagon-pillars-n20-s1.2-t0.0143117408907.msh
-6 4.65103948555 0.956911217574 1.0 0 #hexagon-pillars-n20-s1.2-t0.0149932523617.msh
-6 5.29430387296 0.949937141308 1.0 0 #hexagon-pillars-n20-s1.2-t0.0156747638327.msh
-6 5.99537735089 0.944362984052 1.0 0 #hexagon-pillars-n20-s1.2-t0.0163562753036.msh
-6 6.76734709998 0.939666553814 1.0 0 #hexagon-pillars-n20-s1.2-t0.0170377867746.msh
-6 7.59415493025 0.93298439174 1.0 0 #hexagon-pillars-n20-s1.2-t0.0177192982456.msh
-6 8.5090422382 0.929420226835 1.0 0 #hexagon-pillars-n20-s1.2-t0.0184008097166.msh
-6 10.4849303619 0.910374883369 1.0 0 #hexagon-pillars-n20-s1.2-t0.0197638326586.msh
-6 11.6292865659 0.904568982763 1.0 0 #hexagon-pillars-n20-s1.2-t0.0204453441296.msh
-6 12.8061460908 0.894374778425 1.0 0 #hexagon-pillars-n20-s1.2-t0.0211268556005.msh
-6 14.1567646385 0.890375684455 1.0 0 #hexagon-pillars-n20-s1.2-t0.0218083670715.msh
-6 15.5904075013 0.877264732111 1.0 0 #hexagon-pillars-n20-s1.2-t0.0224898785425.msh
-6 19.1746660724 0.851321738025 1.0 0 #hexagon-pillars-n20-s1.2-t0.0231713900135.msh
-6 22.4950333855 0.798964240023 1.0 0 #hexagon-pillars-n20-s1.2-t0.0238529014845.msh
-6 24.9327671934 0.747725220991 1.0 0 #hexagon-pillars-n20-s1.2-t0.0245344129555.msh
-6 27.1090730072 0.695023014282 1.0 0 #hexagon-pillars-n20-s1.2-t0.0252159244265.msh
-6 40.7653333738 0.601078081337 1.0 0 #hexagon-pillars-n20-s1.2-t0.0258974358974.msh
-6 6.23116270934 0.944641428594 1.0 0 #hexagon-pillars-n20-s1.3-t0.0142307692308.msh
-6 7.20356125699 0.935789330443 1.0 0 #hexagon-pillars-n20-s1.3-t0.014979757085.msh
-6 8.29172797261 0.928915786918 1.0 0 #hexagon-pillars-n20-s1.3-t0.0157287449393.msh
-6 9.46786778367 0.922163907321 1.0 0 #hexagon-pillars-n20-s1.3-t0.0164777327935.msh
-6 10.7310846724 0.910271693878 1.0 0 #hexagon-pillars-n20-s1.3-t0.0172267206478.msh
-6 12.1442573148 0.904093076157 1.0 0 #hexagon-pillars-n20-s1.3-t0.017975708502.msh
-6 13.5933964875 0.89002489384 1.0 0 #hexagon-pillars-n20-s1.3-t0.0187246963563.msh
-6 15.190612196 0.879239597434 1.0 0 #hexagon-pillars-n20-s1.3-t0.0194736842105.msh
-6 16.8525655787 0.86683392651 1.0 0 #hexagon-pillars-n20-s1.3-t0.0202226720648.msh
-6 18.7557409707 0.856326173943 1.0 0 #hexagon-pillars-n20-s1.3-t0.020971659919.msh
-6 20.6905612033 0.841272215233 1.0 0 #hexagon-pillars-n20-s1.3-t0.0217206477733.msh
-6 22.7237419057 0.829592290587 1.0 0 #hexagon-pillars-n20-s1.3-t0.0224696356275.msh
-6 25.0282128115 0.818202796986 1.0 0 #hexagon-pillars-n20-s1.3-t0.0232186234818.msh
-6 30.7900272033 0.765937008965 1.0 0 #hexagon-pillars-n20-s1.3-t0.023967611336.msh
-6 33.5349769299 0.74827951899 1.0 0 #hexagon-pillars-n20-s1.3-t0.0247165991903.msh
-6 39.5981610422 0.681620576276 1.0 0 #hexagon-pillars-n20-s1.3-t0.0254655870445.msh
-6 42.5088747314 0.609952277099 1.0 0 #hexagon-pillars-n20-s1.3-t0.0262145748988.msh
-6 54.8191396693 0.543569084584 1.0 0 #hexagon-pillars-n20-s1.3-t0.026963562753.msh
-6 61.0476745315 0.475288550405 1.0 0 #hexagon-pillars-n20-s1.3-t0.0277125506073.msh
-6 85.3082871155 0.461384710977 1.0 0 #hexagon-pillars-n20-s1.3-t0.0284615384615.msh
-6 13.1597914067 0.895746286757 1.0 0 #hexagon-pillars-n20-s1.4-t0.0155128205128.msh
-6 15.1209470552 0.883229891593 1.0 0 #hexagon-pillars-n20-s1.4-t0.0163292847503.msh
-6 17.2478979546 0.867716278773 1.0 0 #hexagon-pillars-n20-s1.4-t0.0171457489879.msh
-6 19.6244481868 0.856265478457 1.0 0 #hexagon-pillars-n20-s1.4-t0.0179622132254.msh
-6 21.9846899082 0.841670051448 1.0 0 #hexagon-pillars-n20-s1.4-t0.0187786774629.msh
-6 24.7249270363 0.825601121647 1.0 0 #hexagon-pillars-n20-s1.4-t0.0195951417004.msh
-6 27.398115888 0.806397871977 1.0 0 #hexagon-pillars-n20-s1.4-t0.0204116059379.msh
-6 30.2345477143 0.785008454776 1.0 0 #hexagon-pillars-n20-s1.4-t0.0212280701754.msh
-6 33.2490176498 0.768394092872 1.0 0 #hexagon-pillars-n20-s1.4-t0.022044534413.msh
-6 36.4742309032 0.749613908099 1.0 0 #hexagon-pillars-n20-s1.4-t0.0228609986505.msh
-6 39.9402865235 0.735594192084 1.0 0 #hexagon-pillars-n20-s1.4-t0.023677462888.msh
-6 43.0569974164 0.707642786073 1.0 0 #hexagon-pillars-n20-s1.4-t0.0244939271255.msh
-6 46.7526633395 0.689955933346 1.0 0 #hexagon-pillars-n20-s1.4-t0.025310391363.msh
-6 50.6194189842 0.664694945733 1.0 0 #hexagon-pillars-n20-s1.4-t0.0261268556005.msh
-6 58.3951429108 0.572497557951 1.0 0 #hexagon-pillars-n20-s1.4-t0.0269433198381.msh
-6 63.1493633855 0.505554393918 1.0 0 #hexagon-pillars-n20-s1.4-t0.0277597840756.msh
-6 66.1159918936 0.485236278758 1.0 0 #hexagon-pillars-n20-s1.4-t0.0285762483131.msh
-6 69.0242264547 0.347607780418 1.0 0 #hexagon-pillars-n20-s1.4-t0.0293927125506.msh
-6 84.33637178 0.331858600424 1.0 0 #hexagon-pillars-n20-s1.4-t0.0302091767881.msh
-6 105.98246513 0.283250108792 1.0 0 #hexagon-pillars-n20-s1.4-t0.0310256410256.msh
-6 28.5202234845 0.803355158097 1.0 0 #hexagon-pillars-n20-s1.5-t0.0167948717949.msh
-6 32.1168759389 0.779116213533 1.0 0 #hexagon-pillars-n20-s1.5-t0.0176788124157.msh
-6 35.9182945656 0.752941095079 1.0 0 #hexagon-pillars-n20-s1.5-t0.0185627530364.msh
-6 40.0196784859 0.729781702744 1.0 0 #hexagon-pillars-n20-s1.5-t0.0194466936572.msh
-6 44.6066109096 0.713086729288 1.0 0 #hexagon-pillars-n20-s1.5-t0.020330634278.msh
-6 48.5920730329 0.687310812552 1.0 0 #hexagon-pillars-n20-s1.5-t0.0212145748988.msh
-6 52.7851751678 0.654291908642 1.0 0 #hexagon-pillars-n20-s1.5-t0.0220985155196.msh
-6 57.2913038386 0.636608413133 1.0 0 #hexagon-pillars-n20-s1.5-t0.0229824561404.msh
-6 60.9978785008 0.60573453233 1.0 0 #hexagon-pillars-n20-s1.5-t0.0238663967611.msh
-6 67.3474181076 0.600015884639 1.0 0 #hexagon-pillars-n20-s1.5-t0.0247503373819.msh
-6 70.7521192281 0.566142445591 1.0 0 #hexagon-pillars-n20-s1.5-t0.0256342780027.msh
-6 76.1304827985 0.542092949793 1.0 0 #hexagon-pillars-n20-s1.5-t0.0265182186235.msh
-6 80.2321626082 0.512118760384 1.0 0 #hexagon-pillars-n20-s1.5-t0.0274021592443.msh
-6 84.0071031302 0.492173285786 1.0 0 #hexagon-pillars-n20-s1.5-t0.028286099865.msh
-6 88.6735799804 0.447508298789 1.0 0 #hexagon-pillars-n20-s1.5-t0.0291700404858.msh
-6 88.8128350677 0.395947823252 1.0 0 #hexagon-pillars-n20-s1.5-t0.0300539811066.msh
-6 90.6022572556 0.347184082127 1.0 0 #hexagon-pillars-n20-s1.5-t0.0309379217274.msh
-6 75.6229175813 0.292424852449 1.0 0 #hexagon-pillars-n20-s1.5-t0.0318218623482.msh
-6 67.7266633229 0.217152951038 1.0 0 #hexagon-pillars-n20-s1.5-t0.032705802969.msh
-6 85.0575322441 0.197348036265 1.0 0 #hexagon-pillars-n20-s1.5-t0.0335897435897.msh
-6 59.8770720779 0.633955145556 1.0 0 #hexagon-pillars-n20-s1.6-t0.0180769230769.msh
-6 65.0986895428 0.597621056359 1.0 0 #hexagon-pillars-n20-s1.6-t0.019028340081.msh
-6 70.4979127878 0.574239737797 1.0 0 #hexagon-pillars-n20-s1.6-t0.019979757085.msh
-6 75.7223644517 0.534209093502 1.0 0 #hexagon-pillars-n20-s1.6-t0.0209311740891.msh
-6 83.4202998989 0.529400184468 1.0 0 #hexagon-pillars-n20-s1.6-t0.0218825910931.msh
-6 86.0250082382 0.491304301562 1.0 0 #hexagon-pillars-n20-s1.6-t0.0228340080972.msh
-6 91.1567468262 0.478384265841 1.0 0 #hexagon-pillars-n20-s1.6-t0.0237854251012.msh
-6 96.6010245096 0.4409040643 1.0 0 #hexagon-pillars-n20-s1.6-t0.0247368421053.msh
-6 100.448949833 0.423713209849 1.0 0 #hexagon-pillars-n20-s1.6-t0.0256882591093.msh
-6 104.949690441 0.407266594257 1.0 0 #hexagon-pillars-n20-s1.6-t0.0266396761134.msh
-6 109.33302143 0.390799728135 1.0 0 #hexagon-pillars-n20-s1.6-t0.0275910931174.msh
-6 112.911353793 0.362987288539 1.0 0 #hexagon-pillars-n20-s1.6-t0.0285425101215.msh
-6 119.254622848 0.369275358353 1.0 0 #hexagon-pillars-n20-s1.6-t0.0294939271255.msh
-6 127.199086926 0.359607657861 1.0 0 #hexagon-pillars-n20-s1.6-t0.0304453441296.msh
-6 117.885249326 0.322715917388 1.0 0 #hexagon-pillars-n20-s1.6-t0.0313967611336.msh
-6 129.883343923 0.293394275743 1.0 0 #hexagon-pillars-n20-s1.6-t0.0323481781377.msh
-6 117.295891032 0.2182025482 1.0 0 #hexagon-pillars-n20-s1.6-t0.0332995951417.msh
-6 114.827755509 0.248693506307 1.0 0 #hexagon-pillars-n20-s1.6-t0.0342510121457.msh
-6 147.473984894 0.284946155379 1.0 0 #hexagon-pillars-n20-s1.6-t0.0352024291498.msh
-6 126.363920653 0.235796274138 1.0 0 #hexagon-pillars-n20-s1.6-t0.0361538461538.msh
-6 106.712777611 0.414949667645 1.0 0 #hexagon-pillars-n20-s1.7-t0.019358974359.msh
-6 111.59269566 0.39359988198 1.0 0 #hexagon-pillars-n20-s1.7-t0.0203778677463.msh
-6 119.079972942 0.386464317519 1.0 0 #hexagon-pillars-n20-s1.7-t0.0213967611336.msh
-6 119.236057089 0.35971067007 1.0 0 #hexagon-pillars-n20-s1.7-t0.0224156545209.msh
-6 123.786736618 0.352065950604 1.0 0 #hexagon-pillars-n20-s1.7-t0.0234345479082.msh
-6 125.716107331 0.331294900624 1.0 0 #hexagon-pillars-n20-s1.7-t0.0244534412955.msh
-6 131.24460582 0.319451882373 1.0 0 #hexagon-pillars-n20-s1.7-t0.0254723346829.msh
-6 133.541187447 0.309046320758 1.0 0 #hexagon-pillars-n20-s1.7-t0.0264912280702.msh
-6 133.691029257 0.299581190202 1.0 0 #hexagon-pillars-n20-s1.7-t0.0275101214575.msh
-6 141.442968939 0.30077212902 1.0 0 #hexagon-pillars-n20-s1.7-t0.0285290148448.msh
-6 135.937752732 0.279960779715 1.0 0 #hexagon-pillars-n20-s1.7-t0.0295479082321.msh
-6 148.412162814 0.299709461835 1.0 0 #hexagon-pillars-n20-s1.7-t0.0305668016194.msh
-6 148.010781494 0.280317650337 1.0 0 #hexagon-pillars-n20-s1.7-t0.0315856950067.msh
-6 150.07585478 0.263566288907 1.0 0 #hexagon-pillars-n20-s1.7-t0.0326045883941.msh
-6 151.829439866 0.277935610861 1.0 0 #hexagon-pillars-n20-s1.7-t0.0336234817814.msh
-6 146.195523998 0.224043212274 1.0 0 #hexagon-pillars-n20-s1.7-t0.0346423751687.msh
-6 151.048023145 0.246091497928 1.0 0 #hexagon-pillars-n20-s1.7-t0.035661268556.msh
-6 112.766576712 0.167008735752 1.0 0 #hexagon-pillars-n20-s1.7-t0.0366801619433.msh
-6 117.693586854 0.233715803754 1.0 0 #hexagon-pillars-n20-s1.7-t0.0376990553306.msh
-6 45.3285498458 0.0487965626427 1.0 0 #hexagon-pillars-n20-s1.7-t0.0387179487179.msh
-6 0.223507898768 0.996784056403 1.0 0 #hexagon-pillars-n30-s1.0-t0.00601694915254.msh
-6 0.26001161218 0.996396050808 1.0 0 #hexagon-pillars-n30-s1.0-t0.00633363068689.msh
-6 0.300313848466 0.995956593368 1.0 0 #hexagon-pillars-n30-s1.0-t0.00665031222123.msh
-6 0.344561281902 0.995505232022 1.0 0 #hexagon-pillars-n30-s1.0-t0.00696699375558.msh
-6 0.393126538307 0.995032039366 1.0 0 #hexagon-pillars-n30-s1.0-t0.00728367528992.msh
-6 0.445944028531 0.99452998663 1.0 0 #hexagon-pillars-n30-s1.0-t0.00760035682426.msh
-6 0.503539234149 0.994015244745 1.0 0 #hexagon-pillars-n30-s1.0-t0.00791703835861.msh
-6 0.566073638395 0.993374107361 1.0 0 #hexagon-pillars-n30-s1.0-t0.00823371989295.msh
-6 0.633748416294 0.992773059416 1.0 0 #hexagon-pillars-n30-s1.0-t0.0085504014273.msh
-6 0.706766683519 0.992141650516 1.0 0 #hexagon-pillars-n30-s1.0-t0.00886708296164.msh
-6 0.785368281183 0.991513088582 1.0 0 #hexagon-pillars-n30-s1.0-t0.00918376449599.msh
-6 0.870179523576 0.990662688976 1.0 0 #hexagon-pillars-n30-s1.0-t0.00950044603033.msh
-6 1.30766654939 0.986437306977 1.0 0 #hexagon-pillars-n30-s1.0-t0.00981712756467.msh
-6 1.4217079451 0.985408305397 1.0 0 #hexagon-pillars-n30-s1.0-t0.010133809099.msh
-6 1.76480979988 0.982263422667 1.0 0 #hexagon-pillars-n30-s1.0-t0.0104504906334.msh
-6 1.91214559304 0.980695121131 1.0 0 #hexagon-pillars-n30-s1.0-t0.0107671721677.msh
-6 2.2378766282 0.978183186388 1.0 0 #hexagon-pillars-n30-s1.0-t0.0110838537021.msh
-6 2.70515048645 0.974213544602 1.0 0 #hexagon-pillars-n30-s1.0-t0.0114005352364.msh
-6 4.03140747664 0.960506074874 1.0 0 #hexagon-pillars-n30-s1.0-t0.0117172167707.msh
-6 4.7214573493 0.955487143289 1.0 0 #hexagon-pillars-n30-s1.0-t0.0120338983051.msh
-6 0.472381057898 0.994285014451 1.0 0 #hexagon-pillars-n30-s1.1-t0.00686440677966.msh
-6 0.549344644307 0.993558484877 1.0 0 #hexagon-pillars-n30-s1.1-t0.00722569134701.msh
-6 0.634506748058 0.99285062263 1.0 0 #hexagon-pillars-n30-s1.1-t0.00758697591436.msh
-6 0.727908321446 0.992049532772 1.0 0 #hexagon-pillars-n30-s1.1-t0.00794826048171.msh
-6 0.830287950511 0.991114331223 1.0 0 #hexagon-pillars-n30-s1.1-t0.00830954504906.msh
-6 0.941844887697 0.990119291974 1.0 0 #hexagon-pillars-n30-s1.1-t0.00867082961641.msh
-6 1.06364424873 0.989119410217 1.0 0 #hexagon-pillars-n30-s1.1-t0.00903211418376.msh
-6 1.19547151465 0.988263420827 1.0 0 #hexagon-pillars-n30-s1.1-t0.00939339875112.msh
-6 1.33902230436 0.986980037607 1.0 0 #hexagon-pillars-n30-s1.1-t0.00975468331847.msh
-6 1.49355074099 0.985839965673 1.0 0 #hexagon-pillars-n30-s1.1-t0.0101159678858.msh
-6 1.6607329758 0.984255905085 1.0 0 #hexagon-pillars-n30-s1.1-t0.0104772524532.msh
-6 1.83932620637 0.982872443565 1.0 0 #hexagon-pillars-n30-s1.1-t0.0108385370205.msh
-6 2.03305812237 0.981524107744 1.0 0 #hexagon-pillars-n30-s1.1-t0.0111998215879.msh
-6 2.24180788978 0.97974725196 1.0 0 #hexagon-pillars-n30-s1.1-t0.0115611061552.msh
-6 2.46532106504 0.978255855647 1.0 0 #hexagon-pillars-n30-s1.1-t0.0119223907226.msh
-6 3.90708544468 0.966136895414 1.0 0 #hexagon-pillars-n30-s1.1-t0.0122836752899.msh
-6 4.84523921111 0.959062478111 1.0 0 #hexagon-pillars-n30-s1.1-t0.0126449598573.msh
-6 5.28292803046 0.95535370106 1.0 0 #hexagon-pillars-n30-s1.1-t0.0130062444246.msh
-6 9.44136729959 0.917267667128 1.0 0 #hexagon-pillars-n20-s1.2-t0.0190823211876.msh
-6 5.79646517465 0.951524111197 1.0 0 #hexagon-pillars-n30-s1.1-t0.013367528992.msh
-6 6.47645701421 0.946726551465 1.0 0 #hexagon-pillars-n30-s1.1-t0.0137288135593.msh
-6 0.998877556627 0.989856925069 1.0 0 #hexagon-pillars-n30-s1.2-t0.00771186440678.msh
-6 1.16085602071 0.988368088402 1.0 0 #hexagon-pillars-n30-s1.2-t0.00811775200714.msh
-6 1.33994688615 0.987136304312 1.0 0 #hexagon-pillars-n30-s1.2-t0.00852363960749.msh
-6 1.53707573823 0.985563844872 1.0 0 #hexagon-pillars-n30-s1.2-t0.00892952720785.msh
-6 1.75269190561 0.983893739797 1.0 0 #hexagon-pillars-n30-s1.2-t0.00933541480821.msh
-6 1.98802191343 0.982153654891 1.0 0 #hexagon-pillars-n30-s1.2-t0.00974130240856.msh
-6 2.24403141224 0.980292492215 1.0 0 #hexagon-pillars-n30-s1.2-t0.0101471900089.msh
-6 2.52221038151 0.978122264 1.0 0 #hexagon-pillars-n30-s1.2-t0.0105530776093.msh
-6 2.823107822 0.976041454361 1.0 0 #hexagon-pillars-n30-s1.2-t0.0109589652096.msh
-6 3.14798689107 0.973698914986 1.0 0 #hexagon-pillars-n30-s1.2-t0.01136485281.msh
-6 3.5005353624 0.971500671177 1.0 0 #hexagon-pillars-n30-s1.2-t0.0117707404103.msh
-6 3.87790561068 0.968886174324 1.0 0 #hexagon-pillars-n30-s1.2-t0.0121766280107.msh
-6 4.28194304576 0.965508592646 1.0 0 #hexagon-pillars-n30-s1.2-t0.0125825156111.msh
-6 4.72361621958 0.962704232889 1.0 0 #hexagon-pillars-n30-s1.2-t0.0129884032114.msh
-6 6.48639032542 0.949733098838 1.0 0 #hexagon-pillars-n30-s1.2-t0.0133942908118.msh
-6 7.92815597361 0.939819288484 1.0 0 #hexagon-pillars-n30-s1.2-t0.0138001784121.msh
-6 9.30028742582 0.929610863514 1.0 0 #hexagon-pillars-n30-s1.2-t0.0142060660125.msh
-6 10.7846725066 0.920871507775 1.0 0 #hexagon-pillars-n30-s1.2-t0.0146119536128.msh
-6 11.8255466185 0.913778574421 1.0 0 #hexagon-pillars-n30-s1.2-t0.0150178412132.msh
-6 18.6371721528 0.859722270657 1.0 0 #hexagon-pillars-n30-s1.2-t0.0154237288136.msh
-6 2.1589809872 0.981054973039 1.0 0 #hexagon-pillars-n30-s1.3-t0.0085593220339.msh
-6 2.50697285948 0.978291561975 1.0 0 #hexagon-pillars-n30-s1.3-t0.00900981266726.msh
-6 2.89003583776 0.975950585703 1.0 0 #hexagon-pillars-n30-s1.3-t0.00946030330062.msh
-6 3.30897844648 0.973005026405 1.0 0 #hexagon-pillars-n30-s1.3-t0.00991079393399.msh
-6 3.76973719064 0.969760126424 1.0 0 #hexagon-pillars-n30-s1.3-t0.0103612845674.msh
-6 4.26888339287 0.965848703973 1.0 0 #hexagon-pillars-n30-s1.3-t0.0108117752007.msh
-6 4.81719576103 0.962975844868 1.0 0 #hexagon-pillars-n30-s1.3-t0.0112622658341.msh
-6 5.40234481885 0.958825289326 1.0 0 #hexagon-pillars-n30-s1.3-t0.0117127564674.msh
-6 6.0372721155 0.95424400247 1.0 0 #hexagon-pillars-n30-s1.3-t0.0121632471008.msh
-6 6.72698316319 0.950132594419 1.0 0 #hexagon-pillars-n30-s1.3-t0.0126137377342.msh
-6 7.46786807827 0.945010156244 1.0 0 #hexagon-pillars-n30-s1.3-t0.0130642283675.msh
-6 8.27059783845 0.941284670529 1.0 0 #hexagon-pillars-n30-s1.3-t0.0135147190009.msh
-6 9.12981068292 0.934637758303 1.0 0 #hexagon-pillars-n30-s1.3-t0.0139652096343.msh
-6 10.0453279448 0.928909627278 1.0 0 #hexagon-pillars-n30-s1.3-t0.0144157002676.msh
-6 11.0409452893 0.922778782184 1.0 0 #hexagon-pillars-n30-s1.3-t0.014866190901.msh
-6 17.0003623461 0.884815557066 1.0 0 #hexagon-pillars-n30-s1.3-t0.0153166815343.msh
-6 26.7368276458 0.81258914323 1.0 0 #hexagon-pillars-n30-s1.3-t0.0157671721677.msh
-6 32.3078136098 0.764861145981 1.0 0 #hexagon-pillars-n30-s1.3-t0.0162176628011.msh
-6 41.5286840435 0.708443950655 1.0 0 #hexagon-pillars-n30-s1.3-t0.0166681534344.msh
-6 53.1322074047 0.564846828475 1.0 0 #hexagon-pillars-n30-s1.3-t0.0171186440678.msh
-6 4.87630412155 0.962939046011 1.0 0 #hexagon-pillars-n30-s1.4-t0.00940677966102.msh
-6 5.64602785547 0.957482592158 1.0 0 #hexagon-pillars-n30-s1.4-t0.00990187332739.msh
-6 6.48731818428 0.952503394853 1.0 0 #hexagon-pillars-n30-s1.4-t0.0103969669938.msh
-6 7.40459678105 0.946254017807 1.0 0 #hexagon-pillars-n30-s1.4-t0.0108920606601.msh
-6 8.41445723677 0.941026773929 1.0 0 #hexagon-pillars-n30-s1.4-t0.0113871543265.msh
-6 9.50706329702 0.934834177121 1.0 0 #hexagon-pillars-n30-s1.4-t0.0118822479929.msh
-6 10.6690784862 0.926958090572 1.0 0 #hexagon-pillars-n30-s1.4-t0.0123773416592.msh
-6 11.9534638794 0.920717365022 1.0 0 #hexagon-pillars-n30-s1.4-t0.0128724353256.msh
-6 13.2955364787 0.911631751852 1.0 0 #hexagon-pillars-n30-s1.4-t0.013367528992.msh
-6 14.757639299 0.903870807854 1.0 0 #hexagon-pillars-n30-s1.4-t0.0138626226583.msh
-6 16.3164752269 0.895104225316 1.0 0 #hexagon-pillars-n30-s1.4-t0.0143577163247.msh
-6 17.948167636 0.883437209115 1.0 0 #hexagon-pillars-n30-s1.4-t0.0148528099911.msh
-6 25.0803325711 0.831572478598 1.0 0 #hexagon-pillars-n30-s1.4-t0.0153479036574.msh
-6 26.9803548545 0.818859313574 1.0 0 #hexagon-pillars-n30-s1.4-t0.0158429973238.msh
-6 29.1955691022 0.811142526386 1.0 0 #hexagon-pillars-n30-s1.4-t0.0163380909902.msh
-6 33.6727406541 0.758405619104 1.0 0 #hexagon-pillars-n30-s1.4-t0.0168331846566.msh
-6 53.6916379998 0.650778820611 1.0 0 #hexagon-pillars-n30-s1.4-t0.0173282783229.msh
-6 58.4591591092 0.616326362404 1.0 0 #hexagon-pillars-n30-s1.4-t0.0178233719893.msh
-6 65.2960672269 0.508055079365 1.0 0 #hexagon-pillars-n30-s1.4-t0.0183184656557.msh
-6 65.4750234445 0.482223783866 1.0 0 #hexagon-pillars-n30-s1.4-t0.018813559322.msh
-6 11.7651962753 0.921305492105 1.0 0 #hexagon-pillars-n30-s1.5-t0.0102542372881.msh
-6 13.5116041217 0.910335633945 1.0 0 #hexagon-pillars-n30-s1.5-t0.0107939339875.msh
-6 15.4187037121 0.899571864828 1.0 0 #hexagon-pillars-n30-s1.5-t0.0113336306869.msh
-6 17.4796402239 0.889195285105 1.0 0 #hexagon-pillars-n30-s1.5-t0.0118733273863.msh
-6 19.6669104029 0.876119158604 1.0 0 #hexagon-pillars-n30-s1.5-t0.0124130240856.msh
-6 22.0299537253 0.864313271802 1.0 0 #hexagon-pillars-n30-s1.5-t0.012952720785.msh
-6 24.5636322714 0.852348484083 1.0 0 #hexagon-pillars-n30-s1.5-t0.0134924174844.msh
-6 27.2009255612 0.838615842375 1.0 0 #hexagon-pillars-n30-s1.5-t0.0140321141838.msh
-6 30.0028888705 0.82208442658 1.0 0 #hexagon-pillars-n30-s1.5-t0.0145718108831.msh
-6 32.90205073 0.807738824178 1.0 0 #hexagon-pillars-n30-s1.5-t0.0151115075825.msh
-6 35.9842853635 0.787864247952 1.0 0 #hexagon-pillars-n30-s1.5-t0.0156512042819.msh
-6 39.2368929868 0.773352765781 1.0 0 #hexagon-pillars-n30-s1.5-t0.0161909009813.msh
-6 46.7132534752 0.73299714905 1.0 0 #hexagon-pillars-n30-s1.5-t0.0167305976806.msh
-6 52.6914288571 0.688563584681 1.0 0 #hexagon-pillars-n30-s1.5-t0.01727029438.msh
-6 59.3112768568 0.651402815254 1.0 0 #hexagon-pillars-n30-s1.5-t0.0178099910794.msh
-6 70.6490044675 0.551655649396 1.0 0 #hexagon-pillars-n30-s1.5-t0.0183496877788.msh
-6 81.1550559672 0.49028438948 1.0 0 #hexagon-pillars-n30-s1.5-t0.0188893844781.msh
-6 84.1416595924 0.431313442457 1.0 0 #hexagon-pillars-n30-s1.5-t0.0194290811775.msh
-6 96.0543542818 0.386857914921 1.0 0 #hexagon-pillars-n30-s1.5-t0.0199687778769.msh
-6 97.8746756912 0.329360620501 1.0 0 #hexagon-pillars-n30-s1.5-t0.0205084745763.msh
-6 30.4022283655 0.822422997609 1.0 0 #hexagon-pillars-n30-s1.6-t0.0111016949153.msh
-6 34.3226243603 0.802497915146 1.0 0 #hexagon-pillars-n30-s1.6-t0.0116859946476.msh
-6 38.4579378141 0.78508209785 1.0 0 #hexagon-pillars-n30-s1.6-t0.01227029438.msh
-6 42.5325567343 0.760345633021 1.0 0 #hexagon-pillars-n30-s1.6-t0.0128545941124.msh
-6 46.9931265033 0.738496491568 1.0 0 #hexagon-pillars-n30-s1.6-t0.0134388938448.msh
-6 51.8102769496 0.722577737709 1.0 0 #hexagon-pillars-n30-s1.6-t0.0140231935772.msh
-6 56.413231453 0.698144648638 1.0 0 #hexagon-pillars-n30-s1.6-t0.0146074933095.msh
-6 60.6727306403 0.67448652558 1.0 0 #hexagon-pillars-n30-s1.6-t0.0151917930419.msh
-6 66.2261579312 0.661328945925 1.0 0 #hexagon-pillars-n30-s1.6-t0.0157760927743.msh
-6 70.4240470292 0.631475582538 1.0 0 #hexagon-pillars-n30-s1.6-t0.0163603925067.msh
-6 74.6338256203 0.603272293993 1.0 0 #hexagon-pillars-n30-s1.6-t0.0169446922391.msh
-6 81.125628898 0.599207563698 1.0 0 #hexagon-pillars-n30-s1.6-t0.0175289919715.msh
-6 84.3216485354 0.560117340642 1.0 0 #hexagon-pillars-n30-s1.6-t0.0181132917038.msh
-6 92.5956327267 0.499050910749 1.0 0 #hexagon-pillars-n30-s1.6-t0.0186975914362.msh
-6 98.6376872891 0.472979151217 1.0 0 #hexagon-pillars-n30-s1.6-t0.0192818911686.msh
-6 106.605993596 0.408401577695 1.0 0 #hexagon-pillars-n30-s1.6-t0.019866190901.msh
-6 107.527657506 0.365410500226 1.0 0 #hexagon-pillars-n30-s1.6-t0.0204504906334.msh
-6 124.923640659 0.332589268569 1.0 0 #hexagon-pillars-n30-s1.6-t0.0210347903657.msh
-6 125.743333786 0.317549113622 1.0 0 #hexagon-pillars-n30-s1.6-t0.0216190900981.msh
-6 134.534212895 0.303761369196 1.0 0 #hexagon-pillars-n30-s1.6-t0.0222033898305.msh
-6 78.3548198436 0.622802799706 1.0 0 #hexagon-pillars-n30-s1.7-t0.0119491525424.msh
-6 81.7625664391 0.565344263575 1.0 0 #hexagon-pillars-n30-s1.7-t0.0125780553078.msh
-6 87.4175113203 0.538679375733 1.0 0 #hexagon-pillars-n30-s1.7-t0.0132069580731.msh
-6 93.8475283339 0.51973760683 1.0 0 #hexagon-pillars-n30-s1.7-t0.0138358608385.msh
-6 99.4354988372 0.496109730278 1.0 0 #hexagon-pillars-n30-s1.7-t0.0144647636039.msh
-6 110.540859156 0.515706242252 1.0 0 #hexagon-pillars-n30-s1.7-t0.0150936663693.msh
-6 109.825985101 0.464527045103 1.0 0 #hexagon-pillars-n30-s1.7-t0.0157225691347.msh
-6 112.459729457 0.438579500619 1.0 0 #hexagon-pillars-n30-s1.7-t0.0163514719001.msh
-6 117.644451008 0.418121458459 1.0 0 #hexagon-pillars-n30-s1.7-t0.0169803746655.msh
-6 122.929260817 0.413148383851 1.0 0 #hexagon-pillars-n30-s1.7-t0.0176092774309.msh
-6 128.844646411 0.392631768854 1.0 0 #hexagon-pillars-n30-s1.7-t0.0182381801963.msh
-6 137.578327239 0.407244903027 1.0 0 #hexagon-pillars-n30-s1.7-t0.0188670829616.msh
-6 138.269893828 0.324558597556 1.0 0 #hexagon-pillars-n30-s1.7-t0.019495985727.msh
-6 129.720440937 0.300849268782 1.0 0 #hexagon-pillars-n30-s1.7-t0.0201248884924.msh
-6 133.789910497 0.300621851272 1.0 0 #hexagon-pillars-n30-s1.7-t0.0207537912578.msh
-6 147.921588101 0.312584836119 1.0 0 #hexagon-pillars-n30-s1.7-t0.0213826940232.msh
-6 146.960532897 0.294985644153 1.0 0 #hexagon-pillars-n30-s1.7-t0.0220115967886.msh
-6 127.11741616 0.220145946518 1.0 0 #hexagon-pillars-n30-s1.7-t0.022640499554.msh
-6 96.346578219 0.15741457188 1.0 0 #hexagon-pillars-n30-s1.7-t0.0232694023194.msh
-6 157.569238319 0.2183407238 1.0 0 #hexagon-pillars-n30-s1.7-t0.0238983050847.msh
-6 0.0809090782819 0.998695406695 1.0 0 #hexagon-pillars-n40-s1.0-t0.00386075949367.msh
-6 0.0940307982457 0.998547681461 1.0 0 #hexagon-pillars-n40-s1.0-t0.00406395736176.msh
-6 0.108507696662 0.998387660288 1.0 0 #hexagon-pillars-n40-s1.0-t0.00426715522985.msh
-6 0.12440432126 0.998218413577 1.0 0 #hexagon-pillars-n40-s1.0-t0.00447035309793.msh
-6 0.141783738265 0.998032510446 1.0 0 #hexagon-pillars-n40-s1.0-t0.00467355096602.msh
-6 0.160707747826 0.997841230734 1.0 0 #hexagon-pillars-n40-s1.0-t0.00487674883411.msh
-6 0.181286860117 0.997629549895 1.0 0 #hexagon-pillars-n40-s1.0-t0.0050799467022.msh
-6 0.203591193325 0.997424190063 1.0 0 #hexagon-pillars-n40-s1.0-t0.00528314457029.msh
-6 0.227592293252 0.99718199078 1.0 0 #hexagon-pillars-n40-s1.0-t0.00548634243837.msh
-6 0.253562380051 0.996923845859 1.0 0 #hexagon-pillars-n40-s1.0-t0.00568954030646.msh
-6 0.281391653536 0.996651657291 1.0 0 #hexagon-pillars-n40-s1.0-t0.00589273817455.msh
-6 0.311286974843 0.996361251047 1.0 0 #hexagon-pillars-n40-s1.0-t0.00609593604264.msh
-6 0.343213272258 0.996076398296 1.0 0 #hexagon-pillars-n40-s1.0-t0.00629913391073.msh
-6 0.3774020669 0.995763506535 1.0 0 #hexagon-pillars-n40-s1.0-t0.00650233177881.msh
-6 0.414265003504 0.995441340675 1.0 0 #hexagon-pillars-n40-s1.0-t0.0067055296469.msh
-6 0.453102417871 0.995057613729 1.0 0 #hexagon-pillars-n40-s1.0-t0.00690872751499.msh
-6 0.494697619554 0.994738646932 1.0 0 #hexagon-pillars-n40-s1.0-t0.00711192538308.msh
-6 0.538804872621 0.994338304442 1.0 0 #hexagon-pillars-n40-s1.0-t0.00731512325117.msh
-6 0.586533465283 0.993952532588 1.0 0 #hexagon-pillars-n40-s1.0-t0.00751832111925.msh
-6 0.637148008878 0.993512920346 1.0 0 #hexagon-pillars-n40-s1.0-t0.00772151898734.msh
-6 0.181842917865 0.997652217863 1.0 0 #hexagon-pillars-n40-s1.1-t0.00449367088608.msh
-6 0.211317598049 0.997376221137 1.0 0 #hexagon-pillars-n40-s1.1-t0.00473017988008.msh
-6 0.243796404979 0.99704755255 1.0 0 #hexagon-pillars-n40-s1.1-t0.00496668887408.msh
-6 0.279446754419 0.996719449043 1.0 0 #hexagon-pillars-n40-s1.1-t0.00520319786809.msh
-6 0.318453120269 0.996393764344 1.0 0 #hexagon-pillars-n40-s1.1-t0.00543970686209.msh
-6 0.361114399213 0.995995984743 1.0 0 #hexagon-pillars-n40-s1.1-t0.0056762158561.msh
-6 0.40743560521 0.995563301257 1.0 0 #hexagon-pillars-n40-s1.1-t0.0059127248501.msh
-6 0.457408719347 0.995144725442 1.0 0 #hexagon-pillars-n40-s1.1-t0.0061492338441.msh
-6 0.511673229898 0.994669391115 1.0 0 #hexagon-pillars-n40-s1.1-t0.00638574283811.msh
-6 0.56978555316 0.99421270273 1.0 0 #hexagon-pillars-n40-s1.1-t0.00662225183211.msh
-6 0.632903125329 0.993633216882 1.0 0 #hexagon-pillars-n40-s1.1-t0.00685876082612.msh
-6 0.700518958526 0.993189047538 1.0 0 #hexagon-pillars-n40-s1.1-t0.00709526982012.msh
-6 0.772588033598 0.992549759432 1.0 0 #hexagon-pillars-n40-s1.1-t0.00733177881412.msh
-6 0.850137984196 0.992048239412 1.0 0 #hexagon-pillars-n40-s1.1-t0.00756828780813.msh
-6 0.933028440416 0.991410588728 1.0 0 #hexagon-pillars-n40-s1.1-t0.00780479680213.msh
-6 1.02183177863 0.990649264548 1.0 0 #hexagon-pillars-n40-s1.1-t0.00804130579614.msh
-6 1.11654648411 0.98997061163 1.0 0 #hexagon-pillars-n40-s1.1-t0.00827781479014.msh
-6 1.44211008145 0.986937469507 1.0 0 #hexagon-pillars-n40-s1.1-t0.00851432378414.msh
-6 1.56495454661 0.986060793291 1.0 0 #hexagon-pillars-n40-s1.1-t0.00875083277815.msh
-6 1.8580444287 0.983783564261 1.0 0 #hexagon-pillars-n40-s1.1-t0.00898734177215.msh
-6 0.404008096626 0.995667356011 1.0 0 #hexagon-pillars-n40-s1.2-t0.00512658227848.msh
-6 0.469322261002 0.995183057425 1.0 0 #hexagon-pillars-n40-s1.2-t0.0053964023984.msh
-6 0.541447156161 0.994579523631 1.0 0 #hexagon-pillars-n40-s1.2-t0.00566622251832.msh
-6 0.620611323362 0.993869585724 1.0 0 #hexagon-pillars-n40-s1.2-t0.00593604263824.msh
-6 0.706941162794 0.993200003716 1.0 0 #hexagon-pillars-n40-s1.2-t0.00620586275816.msh
-6 0.801288494661 0.992426020672 1.0 0 #hexagon-pillars-n40-s1.2-t0.00647568287808.msh
-6 0.903784874403 0.99167448255 1.0 0 #hexagon-pillars-n40-s1.2-t0.006745502998.msh
-6 1.01515429233 0.990823039225 1.0 0 #hexagon-pillars-n40-s1.2-t0.00701532311792.msh
-6 1.13531831327 0.98993285409 1.0 0 #hexagon-pillars-n40-s1.2-t0.00728514323784.msh
-6 1.90793448296 0.983022338292 1.0 0 #hexagon-pillars-n40-s1.2-t0.00755496335776.msh
-6 2.29679363574 0.979217876379 1.0 0 #hexagon-pillars-n40-s1.2-t0.00782478347768.msh
-6 2.61669043477 0.976503361228 1.0 0 #hexagon-pillars-n40-s1.2-t0.0080946035976.msh
-6 4.88358934098 0.953455265899 1.0 0 #hexagon-pillars-n40-s1.2-t0.00836442371752.msh
-6 9.77250427033 0.910465067022 1.0 0 #hexagon-pillars-n40-s1.2-t0.00863424383744.msh
-6 20.1673539817 0.804968351615 1.0 0 #hexagon-pillars-n40-s1.2-t0.00890406395736.msh
-6 28.3307617448 0.740703497947 1.0 0 #hexagon-pillars-n40-s1.2-t0.00917388407728.msh
-6 28.8940888373 0.719728054603 1.0 0 #hexagon-pillars-n40-s1.2-t0.0094437041972.msh
-6 33.9209964128 0.681862987307 1.0 0 #hexagon-pillars-n40-s1.2-t0.00971352431712.msh
-6 44.3390081049 0.643651718936 1.0 0 #hexagon-pillars-n40-s1.2-t0.00998334443704.msh
-6 41.5940554626 0.614181946613 1.0 0 #hexagon-pillars-n40-s1.2-t0.010253164557.msh
-6 0.912565937511 0.991728604503 1.0 0 #hexagon-pillars-n40-s1.3-t0.00575949367089.msh
-6 1.05910132892 0.990516619004 1.0 0 #hexagon-pillars-n40-s1.3-t0.00606262491672.msh
-6 1.22101590097 0.989331726628 1.0 0 #hexagon-pillars-n40-s1.3-t0.00636575616256.msh
-6 1.3985395971 0.988190256026 1.0 0 #hexagon-pillars-n40-s1.3-t0.00666888740839.msh
-6 1.5929465831 0.986695711392 1.0 0 #hexagon-pillars-n40-s1.3-t0.00697201865423.msh
-6 1.80493601812 0.985420951935 1.0 0 #hexagon-pillars-n40-s1.3-t0.00727514990007.msh
-6 2.03407211034 0.984057234018 1.0 0 #hexagon-pillars-n40-s1.3-t0.0075782811459.msh
-6 2.28398083886 0.98233933025 1.0 0 #hexagon-pillars-n40-s1.3-t0.00788141239174.msh
-6 2.5523092754 0.980536918935 1.0 0 #hexagon-pillars-n40-s1.3-t0.00818454363757.msh
-6 2.84468522071 0.978653905756 1.0 0 #hexagon-pillars-n40-s1.3-t0.00848767488341.msh
-6 3.15513438586 0.976865847585 1.0 0 #hexagon-pillars-n40-s1.3-t0.00879080612925.msh
-6 5.78901050456 0.959233626143 1.0 0 #hexagon-pillars-n40-s1.3-t0.00939706862092.msh
-6 6.29627298959 0.955716274227 1.0 0 #hexagon-pillars-n40-s1.3-t0.00970019986676.msh
-6 6.82335440757 0.952502388451 1.0 0 #hexagon-pillars-n40-s1.3-t0.0100033311126.msh
-6 10.6216679271 0.925681310512 1.0 0 #hexagon-pillars-n40-s1.3-t0.0103064623584.msh
-6 14.9730135688 0.896562132577 1.0 0 #hexagon-pillars-n40-s1.3-t0.0106095936043.msh
-6 15.7857009579 0.89130351655 1.0 0 #hexagon-pillars-n40-s1.3-t0.0109127248501.msh
-6 26.6735212132 0.819044862896 1.0 0 #hexagon-pillars-n40-s1.3-t0.0112158560959.msh
-6 31.6345701859 0.778140591277 1.0 0 #hexagon-pillars-n40-s1.3-t0.0115189873418.msh
-6 2.15575645535 0.983136214399 1.0 0 #hexagon-pillars-n40-s1.4-t0.00639240506329.msh
-6 2.49895439403 0.980961460305 1.0 0 #hexagon-pillars-n40-s1.4-t0.00672884743504.msh
-6 2.87753515972 0.978816359714 1.0 0 #hexagon-pillars-n40-s1.4-t0.0070652898068.msh
-6 3.28876312013 0.976144076673 1.0 0 #hexagon-pillars-n40-s1.4-t0.00740173217855.msh
-6 3.74034232324 0.973456401244 1.0 0 #hexagon-pillars-n40-s1.4-t0.0077381745503.msh
-6 4.23111347023 0.9702093208 1.0 0 #hexagon-pillars-n40-s1.4-t0.00807461692205.msh
-6 4.76233151149 0.967295333471 1.0 0 #hexagon-pillars-n40-s1.4-t0.0084110592938.msh
-6 5.33978952644 0.963743803122 1.0 0 #hexagon-pillars-n40-s1.4-t0.00874750166556.msh
-6 5.96238444639 0.96035677476 1.0 0 #hexagon-pillars-n40-s1.4-t0.00908394403731.msh
-6 6.62977967405 0.956848459576 1.0 0 #hexagon-pillars-n40-s1.4-t0.00942038640906.msh
-6 7.34594872302 0.952865108463 1.0 0 #hexagon-pillars-n40-s1.4-t0.00975682878081.msh
-6 8.12329586458 0.948444321687 1.0 0 #hexagon-pillars-n40-s1.4-t0.0100932711526.msh
-6 10.7256841864 0.93242189321 1.0 0 #hexagon-pillars-n40-s1.4-t0.0104297135243.msh
-6 12.9029187659 0.918781217611 1.0 0 #hexagon-pillars-n40-s1.4-t0.0107661558961.msh
-6 14.0300946552 0.914047387534 1.0 0 #hexagon-pillars-n40-s1.4-t0.0111025982678.msh
-6 16.1822920343 0.901879478876 1.0 0 #hexagon-pillars-n40-s1.4-t0.0114390406396.msh
-6 18.3090273162 0.889450701245 1.0 0 #hexagon-pillars-n40-s1.4-t0.0117754830113.msh
-6 20.5668855597 0.87664099108 1.0 0 #hexagon-pillars-n40-s1.4-t0.0121119253831.msh
-6 23.1294693945 0.86385634547 1.0 0 #hexagon-pillars-n40-s1.4-t0.0124483677548.msh
-6 30.5982966489 0.82430703451 1.0 0 #hexagon-pillars-n40-s1.4-t0.0127848101266.msh
-6 5.5206516942 0.963247600363 1.0 0 #hexagon-pillars-n40-s1.5-t0.0070253164557.msh
-6 6.37110914117 0.958913251093 1.0 0 #hexagon-pillars-n40-s1.5-t0.00739506995336.msh
-6 7.29704409461 0.952776181527 1.0 0 #hexagon-pillars-n40-s1.5-t0.00776482345103.msh
-6 8.31912660556 0.947127063606 1.0 0 #hexagon-pillars-n40-s1.5-t0.0081345769487.msh
-6 9.41843269658 0.94108804955 1.0 0 #hexagon-pillars-n40-s1.5-t0.00850433044637.msh
-6 10.6075308687 0.93531754688 1.0 0 #hexagon-pillars-n40-s1.5-t0.00887408394404.msh
-6 11.9013470451 0.928882205987 1.0 0 #hexagon-pillars-n40-s1.5-t0.00924383744171.msh
-6 13.2702058722 0.921456418217 1.0 0 #hexagon-pillars-n40-s1.5-t0.00961359093937.msh
-6 14.7534515714 0.914760192052 1.0 0 #hexagon-pillars-n40-s1.5-t0.00998334443704.msh
-6 16.3353761546 0.904743899324 1.0 0 #hexagon-pillars-n40-s1.5-t0.0103530979347.msh
-6 18.0087275154 0.896479228588 1.0 0 #hexagon-pillars-n40-s1.5-t0.0107228514324.msh
-6 19.8196726914 0.888595052683 1.0 0 #hexagon-pillars-n40-s1.5-t0.01109260493.msh
-6 21.7206407307 0.877855693221 1.0 0 #hexagon-pillars-n40-s1.5-t0.0114623584277.msh
-6 23.7658699218 0.869062482377 1.0 0 #hexagon-pillars-n40-s1.5-t0.0118321119254.msh
-6 33.0490304998 0.814471446649 1.0 0 #hexagon-pillars-n40-s1.5-t0.0122018654231.msh
-6 35.6077967805 0.803441275556 1.0 0 #hexagon-pillars-n40-s1.5-t0.0125716189207.msh
-6 38.3683965081 0.792936404238 1.0 0 #hexagon-pillars-n40-s1.5-t0.0129413724184.msh
-6 45.897999119 0.74925769592 1.0 0 #hexagon-pillars-n40-s1.5-t0.0133111259161.msh
-6 49.1406557568 0.733449228162 1.0 0 #hexagon-pillars-n40-s1.5-t0.0136808794137.msh
-6 66.0072553262 0.645068418132 1.0 0 #hexagon-pillars-n40-s1.5-t0.0140506329114.msh
-6 15.8552711944 0.90763172616 1.0 0 #hexagon-pillars-n40-s1.6-t0.0076582278481.msh
-6 18.1233907721 0.89628141494 1.0 0 #hexagon-pillars-n40-s1.6-t0.00806129247169.msh
-6 20.5000721071 0.880860764222 1.0 0 #hexagon-pillars-n40-s1.6-t0.00846435709527.msh
-6 23.185562799 0.874713955241 1.0 0 #hexagon-pillars-n40-s1.6-t0.00886742171885.msh
-6 25.9726943925 0.863339983549 1.0 0 #hexagon-pillars-n40-s1.6-t0.00927048634244.msh
-6 28.8056889656 0.844207887035 1.0 0 #hexagon-pillars-n40-s1.6-t0.00967355096602.msh
-6 31.7705036797 0.82490325981 1.0 0 #hexagon-pillars-n40-s1.6-t0.0100766155896.msh
-6 35.1001751532 0.813510727057 1.0 0 #hexagon-pillars-n40-s1.6-t0.0104796802132.msh
-6 38.61889488 0.805089830302 1.0 0 #hexagon-pillars-n40-s1.6-t0.0108827448368.msh
-6 42.0552199001 0.781928338639 1.0 0 #hexagon-pillars-n40-s1.6-t0.0112858094604.msh
-6 45.513891533 0.762743476541 1.0 0 #hexagon-pillars-n40-s1.6-t0.0116888740839.msh
-6 48.8890583757 0.741497286572 1.0 0 #hexagon-pillars-n40-s1.6-t0.0120919387075.msh
-6 53.7801626403 0.737979902674 1.0 0 #hexagon-pillars-n40-s1.6-t0.0124950033311.msh
-6 63.9414251825 0.677985648763 1.0 0 #hexagon-pillars-n40-s1.6-t0.0128980679547.msh
-6 67.9764481084 0.661441867669 1.0 0 #hexagon-pillars-n40-s1.6-t0.0133011325783.msh
-6 71.6513104063 0.63732418114 1.0 0 #hexagon-pillars-n40-s1.6-t0.0137041972019.msh
-6 78.0113652489 0.638854614396 1.0 0 #hexagon-pillars-n40-s1.6-t0.0141072618254.msh
-6 85.0335191897 0.606246692637 1.0 0 #hexagon-pillars-n40-s1.6-t0.014510326449.msh
-6 102.715152696 0.494477310774 1.0 0 #hexagon-pillars-n40-s1.6-t0.0149133910726.msh
-6 112.105786306 0.422334292921 1.0 0 #hexagon-pillars-n40-s1.6-t0.0153164556962.msh
-6 50.6294998106 0.747692498661 1.0 0 #hexagon-pillars-n40-s1.7-t0.00829113924051.msh
-6 55.8203776681 0.722400848259 1.0 0 #hexagon-pillars-n40-s1.7-t0.00872751499001.msh
-6 61.4830883911 0.701646502809 1.0 0 #hexagon-pillars-n40-s1.7-t0.00916389073951.msh
-6 66.6871276297 0.67770143943 1.0 0 #hexagon-pillars-n40-s1.7-t0.00960026648901.msh
-6 72.2502870109 0.654977649004 1.0 0 #hexagon-pillars-n40-s1.7-t0.0100366422385.msh
-6 77.7392735107 0.630795256917 1.0 0 #hexagon-pillars-n40-s1.7-t0.010473017988.msh
-6 83.2315368492 0.608497505052 1.0 0 #hexagon-pillars-n40-s1.7-t0.0109093937375.msh
-6 88.8745619062 0.594130514133 1.0 0 #hexagon-pillars-n40-s1.7-t0.011345769487.msh
-6 94.0209907286 0.567965426307 1.0 0 #hexagon-pillars-n40-s1.7-t0.0117821452365.msh
-6 98.8017748836 0.54472619065 1.0 0 #hexagon-pillars-n40-s1.7-t0.012218520986.msh
-6 103.898361707 0.528090649391 1.0 0 #hexagon-pillars-n40-s1.7-t0.0126548967355.msh
-6 108.515613567 0.508263120335 1.0 0 #hexagon-pillars-n40-s1.7-t0.013091272485.msh
-6 115.593340178 0.481420571706 1.0 0 #hexagon-pillars-n40-s1.7-t0.0135276482345.msh
-6 119.882932078 0.466534732719 1.0 0 #hexagon-pillars-n40-s1.7-t0.013964023984.msh
-6 128.045443968 0.437493202651 1.0 0 #hexagon-pillars-n40-s1.7-t0.0144003997335.msh
-6 130.554645541 0.423742440925 1.0 0 #hexagon-pillars-n40-s1.7-t0.014836775483.msh
-6 136.422425726 0.390177137019 1.0 0 #hexagon-pillars-n40-s1.7-t0.0152731512325.msh
-6 137.787849356 0.358086024187 1.0 0 #hexagon-pillars-n40-s1.7-t0.015709526982.msh
-6 136.1765811 0.327657390546 1.0 0 #hexagon-pillars-n40-s1.7-t0.0161459027315.msh
-6 127.300745113 0.259742333448 1.0 0 #hexagon-pillars-n40-s1.7-t0.016582278481.msh
