-6 56.1863035127 0.328408453825 1.0 0 #six-leaf-clover-c0.75-w0.5-t0.75.msh
-6 55.2389355068 0.326919124103 1.0 0 #six-leaf-clover-c0.75-w0.5-t0.777.msh
-6 54.2186973177 0.325150129662 1.0 0 #six-leaf-clover-c0.75-w0.5-t0.803.msh
-6 53.1305906572 0.323490703211 1.0 0 #six-leaf-clover-c0.75-w0.5-t0.83.msh
-6 51.8179895039 0.321069661853 1.0 0 #six-leaf-clover-c0.75-w0.5-t0.857.msh
-6 50.4634519938 0.319148261177 1.0 0 #six-leaf-clover-c0.75-w0.5-t0.883.msh
-6 48.8614759492 0.316741105329 1.0 0 #six-leaf-clover-c0.75-w0.5-t0.91.msh
-6 45.2926814614 0.310011890153 1.0 0 #six-leaf-clover-c0.75-w0.5-t0.963.msh
-6 43.2325120093 0.30414425201 1.0 0 #six-leaf-clover-c0.75-w0.5-t0.99.msh
-6 59.0018728046 0.323093465445 1.0 0 #six-leaf-clover-c0.75-w0.553-t0.75.msh
-6 58.1090835994 0.320919179692 1.0 0 #six-leaf-clover-c0.75-w0.553-t0.777.msh
-6 57.0390255661 0.318630280746 1.0 0 #six-leaf-clover-c0.75-w0.553-t0.803.msh
-6 55.9087275904 0.317022742557 1.0 0 #six-leaf-clover-c0.75-w0.553-t0.83.msh
-6 54.6567615399 0.315716319431 1.0 0 #six-leaf-clover-c0.75-w0.553-t0.857.msh
-6 53.3780890985 0.312444284312 1.0 0 #six-leaf-clover-c0.75-w0.553-t0.883.msh
-6 51.9665189737 0.308803654449 1.0 0 #six-leaf-clover-c0.75-w0.553-t0.91.msh
-6 50.3001036151 0.305813690154 1.0 0 #six-leaf-clover-c0.75-w0.553-t0.937.msh
-6 48.430391659 0.301665687195 1.0 0 #six-leaf-clover-c0.75-w0.553-t0.963.msh
-6 46.4405165732 0.297039660372 1.0 0 #six-leaf-clover-c0.75-w0.553-t0.99.msh
-6 62.4228888958 0.316449306911 1.0 0 #six-leaf-clover-c0.75-w0.607-t0.75.msh
-6 61.5208689387 0.314679914278 1.0 0 #six-leaf-clover-c0.75-w0.607-t0.777.msh
-6 60.524009184 0.312971084534 1.0 0 #six-leaf-clover-c0.75-w0.607-t0.803.msh
-6 59.3568764424 0.31111594293 1.0 0 #six-leaf-clover-c0.75-w0.607-t0.83.msh
-6 58.1038200405 0.30850673532 1.0 0 #six-leaf-clover-c0.75-w0.607-t0.857.msh
-6 57.0909396353 0.305713136028 1.0 0 #six-leaf-clover-c0.75-w0.607-t0.883.msh
-6 55.5824388217 0.303295665706 1.0 0 #six-leaf-clover-c0.75-w0.607-t0.91.msh
-6 53.9865116761 0.299257439844 1.0 0 #six-leaf-clover-c0.75-w0.607-t0.937.msh
-6 52.1815428803 0.295047636464 1.0 0 #six-leaf-clover-c0.75-w0.607-t0.963.msh
-6 50.3328105685 0.290688297737 1.0 0 #six-leaf-clover-c0.75-w0.607-t0.99.msh
-6 63.1534059368 0.307396341299 1.0 0 #six-leaf-clover-c0.75-w0.66-t0.75.msh
-6 62.2666852786 0.306256574088 1.0 0 #six-leaf-clover-c0.75-w0.66-t0.777.msh
-6 61.4213995018 0.303763026119 1.0 0 #six-leaf-clover-c0.75-w0.66-t0.803.msh
-6 60.5232777446 0.302189136427 1.0 0 #six-leaf-clover-c0.75-w0.66-t0.83.msh
-6 59.3248530072 0.299962002548 1.0 0 #six-leaf-clover-c0.75-w0.66-t0.857.msh
-6 58.3784170995 0.297004007149 1.0 0 #six-leaf-clover-c0.75-w0.66-t0.883.msh
-6 57.2758627505 0.29418740371 1.0 0 #six-leaf-clover-c0.75-w0.66-t0.91.msh
-6 55.8641254882 0.291441342129 1.0 0 #six-leaf-clover-c0.75-w0.66-t0.937.msh
-6 54.3074192828 0.287587279088 1.0 0 #six-leaf-clover-c0.75-w0.66-t0.963.msh
-6 52.9955828005 0.281661501471 1.0 0 #six-leaf-clover-c0.75-w0.66-t0.99.msh
-6 73.1243072278 0.301892285169 1.0 0 #six-leaf-clover-c0.75-w0.713-t0.75.msh
-6 72.0488993981 0.299925537854 1.0 0 #six-leaf-clover-c0.75-w0.713-t0.777.msh
-6 71.3243903435 0.298476276822 1.0 0 #six-leaf-clover-c0.75-w0.713-t0.803.msh
-6 70.2747747016 0.296165159417 1.0 0 #six-leaf-clover-c0.75-w0.713-t0.83.msh
-6 69.0980707999 0.294179668108 1.0 0 #six-leaf-clover-c0.75-w0.713-t0.857.msh
-6 68.1354951256 0.291609453982 1.0 0 #six-leaf-clover-c0.75-w0.713-t0.883.msh
-6 66.9345750119 0.288608624824 1.0 0 #six-leaf-clover-c0.75-w0.713-t0.91.msh
-6 65.4796531876 0.28571962658 1.0 0 #six-leaf-clover-c0.75-w0.713-t0.937.msh
-6 64.3416421518 0.28279757278 1.0 0 #six-leaf-clover-c0.75-w0.713-t0.963.msh
-6 62.803923006 0.278188197265 1.0 0 #six-leaf-clover-c0.75-w0.713-t0.99.msh
-6 81.6042197568 0.304532429687 1.0 0 #six-leaf-clover-c0.75-w0.767-t0.75.msh
-6 81.1342621597 0.302218934136 1.0 0 #six-leaf-clover-c0.75-w0.767-t0.777.msh
-6 80.4470412494 0.300830273099 1.0 0 #six-leaf-clover-c0.75-w0.767-t0.803.msh
-6 79.8962403071 0.298525470032 1.0 0 #six-leaf-clover-c0.75-w0.767-t0.83.msh
-6 79.1608848437 0.295502578863 1.0 0 #six-leaf-clover-c0.75-w0.767-t0.857.msh
-6 78.3530355671 0.292436888578 1.0 0 #six-leaf-clover-c0.75-w0.767-t0.883.msh
-6 77.3318648565 0.288454026871 1.0 0 #six-leaf-clover-c0.75-w0.767-t0.91.msh
-6 76.4022833862 0.284534944797 1.0 0 #six-leaf-clover-c0.75-w0.767-t0.937.msh
-6 75.4086866632 0.281179843892 1.0 0 #six-leaf-clover-c0.75-w0.767-t0.963.msh
-6 74.1321718188 0.276846548875 1.0 0 #six-leaf-clover-c0.75-w0.767-t0.99.msh
-6 101.733176281 0.304636521111 1.0 0 #six-leaf-clover-c0.75-w0.82-t0.75.msh
-6 101.340856943 0.302765824804 1.0 0 #six-leaf-clover-c0.75-w0.82-t0.777.msh
-6 100.771403362 0.300231519315 1.0 0 #six-leaf-clover-c0.75-w0.82-t0.803.msh
-6 100.474625059 0.29738455074 1.0 0 #six-leaf-clover-c0.75-w0.82-t0.83.msh
-6 99.8598916478 0.293825179073 1.0 0 #six-leaf-clover-c0.75-w0.82-t0.857.msh
-6 99.3797098885 0.290615224341 1.0 0 #six-leaf-clover-c0.75-w0.82-t0.883.msh
-6 98.6052784882 0.287258827813 1.0 0 #six-leaf-clover-c0.75-w0.82-t0.91.msh
-6 97.8999480935 0.283046378047 1.0 0 #six-leaf-clover-c0.75-w0.82-t0.937.msh
-6 97.259396156 0.278282654967 1.0 0 #six-leaf-clover-c0.75-w0.82-t0.963.msh
-6 96.434347863 0.274435060115 1.0 0 #six-leaf-clover-c0.75-w0.82-t0.99.msh
-6 134.595602255 0.292605421557 1.0 0 #six-leaf-clover-c0.75-w0.873-t0.75.msh
-6 134.369681459 0.290291832558 1.0 0 #six-leaf-clover-c0.75-w0.873-t0.777.msh
-6 134.120278895 0.288079828249 1.0 0 #six-leaf-clover-c0.75-w0.873-t0.803.msh
-6 133.72958511 0.285539631844 1.0 0 #six-leaf-clover-c0.75-w0.873-t0.83.msh
-6 133.280792117 0.281655288489 1.0 0 #six-leaf-clover-c0.75-w0.873-t0.857.msh
-6 132.894643161 0.279738066874 1.0 0 #six-leaf-clover-c0.75-w0.873-t0.883.msh
-6 132.455741898 0.275939132421 1.0 0 #six-leaf-clover-c0.75-w0.873-t0.91.msh
-6 132.062901695 0.27264652897 1.0 0 #six-leaf-clover-c0.75-w0.873-t0.937.msh
-6 131.507935045 0.269822315931 1.0 0 #six-leaf-clover-c0.75-w0.873-t0.963.msh
-6 131.095457846 0.265869035398 1.0 0 #six-leaf-clover-c0.75-w0.873-t0.99.msh
-6 183.874983987 0.300383245728 1.0 0 #six-leaf-clover-c0.75-w0.927-t0.75.msh
-6 183.635529207 0.299303246769 1.0 0 #six-leaf-clover-c0.75-w0.927-t0.777.msh
-6 183.503353138 0.298419103718 1.0 0 #six-leaf-clover-c0.75-w0.927-t0.803.msh
-6 183.131465267 0.297031507221 1.0 0 #six-leaf-clover-c0.75-w0.927-t0.83.msh
-6 182.896832308 0.295771000532 1.0 0 #six-leaf-clover-c0.75-w0.927-t0.857.msh
-6 182.747639444 0.294723325359 1.0 0 #six-leaf-clover-c0.75-w0.927-t0.883.msh
-6 182.622571972 0.29370181508 1.0 0 #six-leaf-clover-c0.75-w0.927-t0.91.msh
-6 182.153129221 0.292333981476 1.0 0 #six-leaf-clover-c0.75-w0.927-t0.937.msh
-6 181.766100874 0.291008122182 1.0 0 #six-leaf-clover-c0.75-w0.927-t0.963.msh
-6 181.578591817 0.289481644934 1.0 0 #six-leaf-clover-c0.75-w0.927-t0.99.msh
-6 198.124686838 0.347058125522 1.0 0 #six-leaf-clover-c0.75-w0.98-t0.75.msh
-6 198.080288326 0.346572908585 1.0 0 #six-leaf-clover-c0.75-w0.98-t0.777.msh
-6 198.141458066 0.346873377347 1.0 0 #six-leaf-clover-c0.75-w0.98-t0.803.msh
-6 197.978465693 0.347158211249 1.0 0 #six-leaf-clover-c0.75-w0.98-t0.83.msh
-6 197.840504438 0.346738554012 1.0 0 #six-leaf-clover-c0.75-w0.98-t0.857.msh
-6 197.963661648 0.346541240951 1.0 0 #six-leaf-clover-c0.75-w0.98-t0.883.msh
-6 197.967258185 0.346598370631 1.0 0 #six-leaf-clover-c0.75-w0.98-t0.91.msh
-6 197.894915117 0.347270526587 1.0 0 #six-leaf-clover-c0.75-w0.98-t0.937.msh
-6 197.970338884 0.346426803394 1.0 0 #six-leaf-clover-c0.75-w0.98-t0.963.msh
-6 198.112941839 0.346566751321 1.0 0 #six-leaf-clover-c0.75-w0.98-t0.99.msh
-6 52.2749950001 0.331489420309 1.0 0 #six-leaf-clover-c0.777-w0.5-t0.777.msh
-6 51.3577771066 0.330797588192 1.0 0 #six-leaf-clover-c0.777-w0.5-t0.803.msh
-6 50.308432748 0.328032238997 1.0 0 #six-leaf-clover-c0.777-w0.5-t0.83.msh
-6 49.1762980792 0.326614180282 1.0 0 #six-leaf-clover-c0.777-w0.5-t0.857.msh
-6 47.872254932 0.324383121026 1.0 0 #six-leaf-clover-c0.777-w0.5-t0.883.msh
-6 46.5200384392 0.321931307318 1.0 0 #six-leaf-clover-c0.777-w0.5-t0.91.msh
-6 44.8376415004 0.319142950617 1.0 0 #six-leaf-clover-c0.777-w0.5-t0.937.msh
-6 43.0946017058 0.314842389152 1.0 0 #six-leaf-clover-c0.777-w0.5-t0.963.msh
-6 41.2392171448 0.309323668245 1.0 0 #six-leaf-clover-c0.777-w0.5-t0.99.msh
-6 55.5988284533 0.327423502154 1.0 0 #six-leaf-clover-c0.777-w0.553-t0.75.msh
-6 54.7256022098 0.325286928168 1.0 0 #six-leaf-clover-c0.777-w0.553-t0.777.msh
-6 53.795227869 0.323631900009 1.0 0 #six-leaf-clover-c0.777-w0.553-t0.803.msh
-6 52.8079444736 0.321808445571 1.0 0 #six-leaf-clover-c0.777-w0.553-t0.83.msh
-6 51.7160038458 0.320991206194 1.0 0 #six-leaf-clover-c0.777-w0.553-t0.857.msh
-6 50.4217773158 0.318407461419 1.0 0 #six-leaf-clover-c0.777-w0.553-t0.883.msh
-6 49.2277910125 0.315202769322 1.0 0 #six-leaf-clover-c0.777-w0.553-t0.91.msh
-6 47.7114806372 0.311716271521 1.0 0 #six-leaf-clover-c0.777-w0.553-t0.937.msh
-6 46.0553128433 0.306928605545 1.0 0 #six-leaf-clover-c0.777-w0.553-t0.963.msh
-6 44.1863702982 0.303562624607 1.0 0 #six-leaf-clover-c0.777-w0.553-t0.99.msh
-6 58.7465375405 0.321521194006 1.0 0 #six-leaf-clover-c0.777-w0.607-t0.75.msh
-6 58.0013958405 0.319583915412 1.0 0 #six-leaf-clover-c0.777-w0.607-t0.777.msh
-6 57.1280619723 0.317339639793 1.0 0 #six-leaf-clover-c0.777-w0.607-t0.803.msh
-6 56.0370182048 0.315833412293 1.0 0 #six-leaf-clover-c0.777-w0.607-t0.83.msh
-6 54.9846935295 0.314299042426 1.0 0 #six-leaf-clover-c0.777-w0.607-t0.857.msh
-6 53.9995343598 0.310992274367 1.0 0 #six-leaf-clover-c0.777-w0.607-t0.883.msh
-6 52.7008242515 0.308370039295 1.0 0 #six-leaf-clover-c0.777-w0.607-t0.91.msh
-6 51.225855642 0.305897520301 1.0 0 #six-leaf-clover-c0.777-w0.607-t0.937.msh
-6 49.4681315347 0.30142649836 1.0 0 #six-leaf-clover-c0.777-w0.607-t0.963.msh
-6 48.0322043292 0.296944737206 1.0 0 #six-leaf-clover-c0.777-w0.607-t0.99.msh
-6 63.0304279277 0.316198275055 1.0 0 #six-leaf-clover-c0.777-w0.66-t0.75.msh
-6 62.242201867 0.314978577494 1.0 0 #six-leaf-clover-c0.777-w0.66-t0.777.msh
-6 61.4936820458 0.312950759535 1.0 0 #six-leaf-clover-c0.777-w0.66-t0.803.msh
-6 60.4631142512 0.310827027683 1.0 0 #six-leaf-clover-c0.777-w0.66-t0.83.msh
-6 59.3677615939 0.308584460141 1.0 0 #six-leaf-clover-c0.777-w0.66-t0.857.msh
-6 58.3383503186 0.306634550038 1.0 0 #six-leaf-clover-c0.777-w0.66-t0.883.msh
-6 57.2138742597 0.303156457019 1.0 0 #six-leaf-clover-c0.777-w0.66-t0.91.msh
-6 55.758733895 0.300096796222 1.0 0 #six-leaf-clover-c0.777-w0.66-t0.937.msh
-6 54.286161991 0.296194380242 1.0 0 #six-leaf-clover-c0.777-w0.66-t0.963.msh
-6 53.0538581657 0.291596890844 1.0 0 #six-leaf-clover-c0.777-w0.66-t0.99.msh
-6 69.1829266723 0.307728138173 1.0 0 #six-leaf-clover-c0.777-w0.713-t0.75.msh
-6 68.3311082281 0.306087559937 1.0 0 #six-leaf-clover-c0.777-w0.713-t0.777.msh
-6 67.6352642658 0.304519084773 1.0 0 #six-leaf-clover-c0.777-w0.713-t0.803.msh
-6 66.762468081 0.302421208989 1.0 0 #six-leaf-clover-c0.777-w0.713-t0.83.msh
-6 65.6308897624 0.300028096812 1.0 0 #six-leaf-clover-c0.777-w0.713-t0.857.msh
-6 64.7905957896 0.297783231488 1.0 0 #six-leaf-clover-c0.777-w0.713-t0.883.msh
-6 63.6362789004 0.294394848397 1.0 0 #six-leaf-clover-c0.777-w0.713-t0.91.msh
-6 62.3103238241 0.291871420729 1.0 0 #six-leaf-clover-c0.777-w0.713-t0.937.msh
-6 61.269252706 0.288405479336 1.0 0 #six-leaf-clover-c0.777-w0.713-t0.963.msh
-6 59.8859421917 0.284513930812 1.0 0 #six-leaf-clover-c0.777-w0.713-t0.99.msh
-6 84.1129388809 0.301393733722 1.0 0 #six-leaf-clover-c0.777-w0.767-t0.75.msh
-6 83.5549439379 0.298518368171 1.0 0 #six-leaf-clover-c0.777-w0.767-t0.777.msh
-6 82.9141213683 0.297439886117 1.0 0 #six-leaf-clover-c0.777-w0.767-t0.803.msh
-6 82.2879702276 0.295400489245 1.0 0 #six-leaf-clover-c0.777-w0.767-t0.83.msh
-6 81.4958636976 0.292183792974 1.0 0 #six-leaf-clover-c0.777-w0.767-t0.857.msh
-6 80.7120073409 0.288907202065 1.0 0 #six-leaf-clover-c0.777-w0.767-t0.883.msh
-6 79.6136479053 0.285265895399 1.0 0 #six-leaf-clover-c0.777-w0.767-t0.91.msh
-6 78.5850836079 0.281308367748 1.0 0 #six-leaf-clover-c0.777-w0.767-t0.937.msh
-6 77.456287143 0.278393554885 1.0 0 #six-leaf-clover-c0.777-w0.767-t0.963.msh
-6 76.0598998793 0.273121242289 1.0 0 #six-leaf-clover-c0.777-w0.767-t0.99.msh
-6 104.847055245 0.296677238439 1.0 0 #six-leaf-clover-c0.777-w0.82-t0.75.msh
-6 104.376544748 0.294402683178 1.0 0 #six-leaf-clover-c0.777-w0.82-t0.777.msh
-6 103.837623509 0.292363050267 1.0 0 #six-leaf-clover-c0.777-w0.82-t0.803.msh
-6 103.574407231 0.28968800625 1.0 0 #six-leaf-clover-c0.777-w0.82-t0.83.msh
-6 102.912732762 0.286700353118 1.0 0 #six-leaf-clover-c0.777-w0.82-t0.857.msh
-6 102.370683025 0.282873237767 1.0 0 #six-leaf-clover-c0.777-w0.82-t0.883.msh
-6 101.554868747 0.279660419701 1.0 0 #six-leaf-clover-c0.777-w0.82-t0.91.msh
-6 100.934405205 0.27591879014 1.0 0 #six-leaf-clover-c0.777-w0.82-t0.937.msh
-6 100.073122895 0.270727549568 1.0 0 #six-leaf-clover-c0.777-w0.82-t0.963.msh
-6 99.2934453562 0.267171569627 1.0 0 #six-leaf-clover-c0.777-w0.82-t0.99.msh
-6 136.686416146 0.289023579141 1.0 0 #six-leaf-clover-c0.777-w0.873-t0.75.msh
-6 136.372746441 0.286325763253 1.0 0 #six-leaf-clover-c0.777-w0.873-t0.777.msh
-6 136.280871176 0.283148665876 1.0 0 #six-leaf-clover-c0.777-w0.873-t0.803.msh
-6 135.817414321 0.281382752603 1.0 0 #six-leaf-clover-c0.777-w0.873-t0.83.msh
-6 135.531304773 0.278095225648 1.0 0 #six-leaf-clover-c0.777-w0.873-t0.857.msh
-6 135.064533187 0.275548261831 1.0 0 #six-leaf-clover-c0.777-w0.873-t0.883.msh
-6 134.609620347 0.271210953365 1.0 0 #six-leaf-clover-c0.777-w0.873-t0.91.msh
-6 134.152852512 0.268322659657 1.0 0 #six-leaf-clover-c0.777-w0.873-t0.937.msh
-6 133.625272407 0.264757622899 1.0 0 #six-leaf-clover-c0.777-w0.873-t0.963.msh
-6 133.068499779 0.261054480859 1.0 0 #six-leaf-clover-c0.777-w0.873-t0.99.msh
-6 185.589212916 0.297596191085 1.0 0 #six-leaf-clover-c0.777-w0.927-t0.75.msh
-6 185.199672975 0.297297237001 1.0 0 #six-leaf-clover-c0.777-w0.927-t0.777.msh
-6 185.079064223 0.296283048821 1.0 0 #six-leaf-clover-c0.777-w0.927-t0.803.msh
-6 184.884195119 0.29487667719 1.0 0 #six-leaf-clover-c0.777-w0.927-t0.83.msh
-6 184.581419732 0.293631677898 1.0 0 #six-leaf-clover-c0.777-w0.927-t0.857.msh
-6 184.614811554 0.292403815834 1.0 0 #six-leaf-clover-c0.777-w0.927-t0.883.msh
-6 184.081918139 0.291408618222 1.0 0 #six-leaf-clover-c0.777-w0.927-t0.91.msh
-6 183.810454295 0.289905464242 1.0 0 #six-leaf-clover-c0.777-w0.927-t0.937.msh
-6 183.539769054 0.28846118956 1.0 0 #six-leaf-clover-c0.777-w0.927-t0.963.msh
-6 183.165506021 0.287000101026 1.0 0 #six-leaf-clover-c0.777-w0.927-t0.99.msh
-6 199.326967617 0.349076307107 1.0 0 #six-leaf-clover-c0.777-w0.98-t0.75.msh
-6 199.419973864 0.349535808326 1.0 0 #six-leaf-clover-c0.777-w0.98-t0.777.msh
-6 199.557472834 0.348899105934 1.0 0 #six-leaf-clover-c0.777-w0.98-t0.803.msh
-6 199.520201926 0.348507819826 1.0 0 #six-leaf-clover-c0.777-w0.98-t0.83.msh
-6 199.401002461 0.349013371587 1.0 0 #six-leaf-clover-c0.777-w0.98-t0.857.msh
-6 199.407140559 0.348926283749 1.0 0 #six-leaf-clover-c0.777-w0.98-t0.883.msh
-6 199.441613978 0.3490684594 1.0 0 #six-leaf-clover-c0.777-w0.98-t0.91.msh
-6 199.644676248 0.349091921301 1.0 0 #six-leaf-clover-c0.777-w0.98-t0.937.msh
-6 199.570577718 0.34887334721 1.0 0 #six-leaf-clover-c0.777-w0.98-t0.963.msh
-6 199.6975215 0.349507275952 1.0 0 #six-leaf-clover-c0.777-w0.98-t0.99.msh
-6 50.3796776641 0.335253393448 1.0 0 #six-leaf-clover-c0.803-w0.5-t0.75.msh
-6 49.5720432052 0.333547788727 1.0 0 #six-leaf-clover-c0.803-w0.5-t0.777.msh
-6 48.8270019362 0.332319090801 1.0 0 #six-leaf-clover-c0.803-w0.5-t0.803.msh
-6 47.8798933429 0.331186893226 1.0 0 #six-leaf-clover-c0.803-w0.5-t0.83.msh
-6 46.8259017699 0.329069196037 1.0 0 #six-leaf-clover-c0.803-w0.5-t0.857.msh
-6 45.670212472 0.327359501521 1.0 0 #six-leaf-clover-c0.803-w0.5-t0.883.msh
-6 44.3028438409 0.32435497903 1.0 0 #six-leaf-clover-c0.803-w0.5-t0.91.msh
-6 42.8668157818 0.32287827807 1.0 0 #six-leaf-clover-c0.803-w0.5-t0.937.msh
-6 41.2608727021 0.320312649647 1.0 0 #six-leaf-clover-c0.803-w0.5-t0.963.msh
-6 39.5197499278 0.31417853249 1.0 0 #six-leaf-clover-c0.803-w0.5-t0.99.msh
-6 53.1865825556 0.330960553727 1.0 0 #six-leaf-clover-c0.803-w0.553-t0.75.msh
-6 52.4921396919 0.329577840406 1.0 0 #six-leaf-clover-c0.803-w0.553-t0.777.msh
-6 51.5971207567 0.328216181023 1.0 0 #six-leaf-clover-c0.803-w0.553-t0.803.msh
-6 50.6638435709 0.326341088861 1.0 0 #six-leaf-clover-c0.803-w0.553-t0.83.msh
-6 49.5646087198 0.324604264294 1.0 0 #six-leaf-clover-c0.803-w0.553-t0.857.msh
-6 48.4890681322 0.322474719736 1.0 0 #six-leaf-clover-c0.803-w0.553-t0.883.msh
-6 47.22227213 0.31868501112 1.0 0 #six-leaf-clover-c0.803-w0.553-t0.91.msh
-6 45.8746207529 0.316290366241 1.0 0 #six-leaf-clover-c0.803-w0.553-t0.937.msh
-6 44.3492177665 0.312971120807 1.0 0 #six-leaf-clover-c0.803-w0.553-t0.963.msh
-6 42.57187346 0.307967064937 1.0 0 #six-leaf-clover-c0.803-w0.553-t0.99.msh
-6 56.4745812688 0.324850619112 1.0 0 #six-leaf-clover-c0.803-w0.607-t0.75.msh
-6 55.7820324317 0.322559387108 1.0 0 #six-leaf-clover-c0.803-w0.607-t0.777.msh
-6 54.94322909 0.321693467265 1.0 0 #six-leaf-clover-c0.803-w0.607-t0.803.msh
-6 53.9291984228 0.320163822968 1.0 0 #six-leaf-clover-c0.803-w0.607-t0.83.msh
-6 52.8962665374 0.317623579736 1.0 0 #six-leaf-clover-c0.803-w0.607-t0.857.msh
-6 51.9864175956 0.314865261146 1.0 0 #six-leaf-clover-c0.803-w0.607-t0.883.msh
-6 50.7000340757 0.31235991966 1.0 0 #six-leaf-clover-c0.803-w0.607-t0.91.msh
-6 49.3621655563 0.309218545702 1.0 0 #six-leaf-clover-c0.803-w0.607-t0.937.msh
-6 47.7906702773 0.305531617571 1.0 0 #six-leaf-clover-c0.803-w0.607-t0.963.msh
-6 46.2026411654 0.302223818808 1.0 0 #six-leaf-clover-c0.803-w0.607-t0.99.msh
-6 60.7172695021 0.317758321037 1.0 0 #six-leaf-clover-c0.803-w0.66-t0.75.msh
-6 59.9368995099 0.316033285426 1.0 0 #six-leaf-clover-c0.803-w0.66-t0.777.msh
-6 59.1273644386 0.314699523554 1.0 0 #six-leaf-clover-c0.803-w0.66-t0.803.msh
-6 58.3015032826 0.313181879416 1.0 0 #six-leaf-clover-c0.803-w0.66-t0.83.msh
-6 57.1732865594 0.310752503716 1.0 0 #six-leaf-clover-c0.803-w0.66-t0.857.msh
-6 56.2435622485 0.30898982717 1.0 0 #six-leaf-clover-c0.803-w0.66-t0.883.msh
-6 55.0548050024 0.30472790631 1.0 0 #six-leaf-clover-c0.803-w0.66-t0.91.msh
-6 53.8668751779 0.303070702897 1.0 0 #six-leaf-clover-c0.803-w0.66-t0.937.msh
-6 52.4873820147 0.298670618834 1.0 0 #six-leaf-clover-c0.803-w0.66-t0.963.msh
-6 51.2317050327 0.294698125059 1.0 0 #six-leaf-clover-c0.803-w0.66-t0.99.msh
-6 66.6535854951 0.310406260453 1.0 0 #six-leaf-clover-c0.803-w0.713-t0.75.msh
-6 65.8396207159 0.309195595136 1.0 0 #six-leaf-clover-c0.803-w0.713-t0.777.msh
-6 65.2208570964 0.30747678949 1.0 0 #six-leaf-clover-c0.803-w0.713-t0.803.msh
-6 64.353217719 0.304779419898 1.0 0 #six-leaf-clover-c0.803-w0.713-t0.83.msh
-6 63.2914330796 0.302876096306 1.0 0 #six-leaf-clover-c0.803-w0.713-t0.857.msh
-6 62.5693073649 0.300406941371 1.0 0 #six-leaf-clover-c0.803-w0.713-t0.883.msh
-6 61.4033750246 0.297390638718 1.0 0 #six-leaf-clover-c0.803-w0.713-t0.91.msh
-6 60.1586453684 0.294557295203 1.0 0 #six-leaf-clover-c0.803-w0.713-t0.937.msh
-6 59.0719522543 0.291623412889 1.0 0 #six-leaf-clover-c0.803-w0.713-t0.963.msh
-6 57.8105102269 0.287500353183 1.0 0 #six-leaf-clover-c0.803-w0.713-t0.99.msh
-6 80.0048389154 0.304296298446 1.0 0 #six-leaf-clover-c0.803-w0.767-t0.75.msh
-6 79.5133249755 0.301814367375 1.0 0 #six-leaf-clover-c0.803-w0.767-t0.777.msh
-6 78.8602671948 0.300933433679 1.0 0 #six-leaf-clover-c0.803-w0.767-t0.803.msh
-6 78.2659681991 0.297795728063 1.0 0 #six-leaf-clover-c0.803-w0.767-t0.83.msh
-6 77.5257369464 0.29504053054 1.0 0 #six-leaf-clover-c0.803-w0.767-t0.857.msh
-6 76.7176280889 0.292464438628 1.0 0 #six-leaf-clover-c0.803-w0.767-t0.883.msh
-6 75.8670953723 0.289052346238 1.0 0 #six-leaf-clover-c0.803-w0.767-t0.91.msh
-6 74.9363546266 0.28548688028 1.0 0 #six-leaf-clover-c0.803-w0.767-t0.937.msh
-6 73.7196705701 0.281673134198 1.0 0 #six-leaf-clover-c0.803-w0.767-t0.963.msh
-6 72.5506225262 0.277722513624 1.0 0 #six-leaf-clover-c0.803-w0.767-t0.99.msh
-6 101.338409519 0.298941366683 1.0 0 #six-leaf-clover-c0.803-w0.82-t0.75.msh
-6 100.900428952 0.296704962759 1.0 0 #six-leaf-clover-c0.803-w0.82-t0.777.msh
-6 100.467467642 0.293871254684 1.0 0 #six-leaf-clover-c0.803-w0.82-t0.803.msh
-6 99.9878136455 0.290989707435 1.0 0 #six-leaf-clover-c0.803-w0.82-t0.83.msh
-6 99.5437551124 0.288031714297 1.0 0 #six-leaf-clover-c0.803-w0.82-t0.857.msh
-6 98.9337288522 0.284636288699 1.0 0 #six-leaf-clover-c0.803-w0.82-t0.883.msh
-6 98.2263970356 0.281951581593 1.0 0 #six-leaf-clover-c0.803-w0.82-t0.91.msh
-6 97.5444951026 0.278099391137 1.0 0 #six-leaf-clover-c0.803-w0.82-t0.937.msh
-6 96.8438581333 0.272877108936 1.0 0 #six-leaf-clover-c0.803-w0.82-t0.963.msh
-6 96.1440211518 0.269065161403 1.0 0 #six-leaf-clover-c0.803-w0.82-t0.99.msh
-6 133.835890874 0.289136464949 1.0 0 #six-leaf-clover-c0.803-w0.873-t0.75.msh
-6 133.410961938 0.284968461914 1.0 0 #six-leaf-clover-c0.803-w0.873-t0.803.msh
-6 133.170691939 0.283213257447 1.0 0 #six-leaf-clover-c0.803-w0.873-t0.83.msh
-6 132.765006415 0.279238409567 1.0 0 #six-leaf-clover-c0.803-w0.873-t0.857.msh
-6 132.511187524 0.276734942032 1.0 0 #six-leaf-clover-c0.803-w0.873-t0.883.msh
-6 131.871617523 0.273063888554 1.0 0 #six-leaf-clover-c0.803-w0.873-t0.91.msh
-6 131.527947657 0.269497314517 1.0 0 #six-leaf-clover-c0.803-w0.873-t0.937.msh
-6 130.883121209 0.266218332584 1.0 0 #six-leaf-clover-c0.803-w0.873-t0.963.msh
-6 130.698316678 0.263258135365 1.0 0 #six-leaf-clover-c0.803-w0.873-t0.99.msh
-6 185.150469574 0.297109322326 1.0 0 #six-leaf-clover-c0.803-w0.927-t0.75.msh
-6 184.935930245 0.296143816136 1.0 0 #six-leaf-clover-c0.803-w0.927-t0.777.msh
-6 184.648671591 0.29493473776 1.0 0 #six-leaf-clover-c0.803-w0.927-t0.803.msh
-6 184.559298605 0.293822719427 1.0 0 #six-leaf-clover-c0.803-w0.927-t0.83.msh
-6 183.987330644 0.292022101477 1.0 0 #six-leaf-clover-c0.803-w0.927-t0.857.msh
-6 183.887053967 0.291173542416 1.0 0 #six-leaf-clover-c0.803-w0.927-t0.883.msh
-6 183.629049652 0.289767070039 1.0 0 #six-leaf-clover-c0.803-w0.927-t0.91.msh
-6 183.26080093 0.28850913725 1.0 0 #six-leaf-clover-c0.803-w0.927-t0.937.msh
-6 182.989480987 0.287370947692 1.0 0 #six-leaf-clover-c0.803-w0.927-t0.963.msh
-6 182.686781953 0.285710161191 1.0 0 #six-leaf-clover-c0.803-w0.927-t0.99.msh
-6 199.537186895 0.3493234358 1.0 0 #six-leaf-clover-c0.803-w0.98-t0.75.msh
-6 199.469577285 0.349122593881 1.0 0 #six-leaf-clover-c0.803-w0.98-t0.803.msh
-6 199.59280321 0.349109821595 1.0 0 #six-leaf-clover-c0.803-w0.98-t0.83.msh
-6 199.423387332 0.349515349225 1.0 0 #six-leaf-clover-c0.803-w0.98-t0.857.msh
-6 199.229405097 0.348947878675 1.0 0 #six-leaf-clover-c0.803-w0.98-t0.883.msh
-6 199.537186895 0.3493234358 1.0 0 #six-leaf-clover-c0.803-w0.98-t0.91.msh
-6 199.589052837 0.348890959846 1.0 0 #six-leaf-clover-c0.803-w0.98-t0.937.msh
-6 199.537186895 0.3493234358 1.0 0 #six-leaf-clover-c0.803-w0.98-t0.963.msh
-6 199.161355431 0.348687786112 1.0 0 #six-leaf-clover-c0.803-w0.98-t0.99.msh
-6 47.498825491 0.338275323824 1.0 0 #six-leaf-clover-c0.83-w0.5-t0.75.msh
-6 46.816621064 0.337374139264 1.0 0 #six-leaf-clover-c0.83-w0.5-t0.777.msh
-6 46.0630263831 0.336129016132 1.0 0 #six-leaf-clover-c0.83-w0.5-t0.803.msh
-6 45.2366793124 0.334564152704 1.0 0 #six-leaf-clover-c0.83-w0.5-t0.83.msh
-6 44.3203197545 0.332815128731 1.0 0 #six-leaf-clover-c0.83-w0.5-t0.857.msh
-6 43.2685625516 0.330900754243 1.0 0 #six-leaf-clover-c0.83-w0.5-t0.883.msh
-6 42.1079686592 0.328851837596 1.0 0 #six-leaf-clover-c0.83-w0.5-t0.91.msh
-6 40.7330888434 0.327092482209 1.0 0 #six-leaf-clover-c0.83-w0.5-t0.937.msh
-6 39.1968779377 0.324600378231 1.0 0 #six-leaf-clover-c0.83-w0.5-t0.963.msh
-6 37.6282287727 0.319070927193 1.0 0 #six-leaf-clover-c0.83-w0.5-t0.99.msh
-6 50.4663603576 0.335278741254 1.0 0 #six-leaf-clover-c0.83-w0.553-t0.75.msh
-6 49.7352315855 0.333211404623 1.0 0 #six-leaf-clover-c0.83-w0.553-t0.777.msh
-6 48.9973417744 0.331754188515 1.0 0 #six-leaf-clover-c0.83-w0.553-t0.803.msh
-6 48.0624766894 0.329414433312 1.0 0 #six-leaf-clover-c0.83-w0.553-t0.83.msh
-6 47.1125530223 0.32904393965 1.0 0 #six-leaf-clover-c0.83-w0.553-t0.857.msh
-6 46.1452851055 0.326788800208 1.0 0 #six-leaf-clover-c0.83-w0.553-t0.883.msh
-6 45.0231962317 0.324257054253 1.0 0 #six-leaf-clover-c0.83-w0.553-t0.91.msh
-6 43.7373961486 0.321519344755 1.0 0 #six-leaf-clover-c0.83-w0.553-t0.937.msh
-6 42.3070785335 0.317088897331 1.0 0 #six-leaf-clover-c0.83-w0.553-t0.963.msh
-6 40.7262052638 0.314462653718 1.0 0 #six-leaf-clover-c0.83-w0.553-t0.99.msh
-6 53.541865097 0.32931000269 1.0 0 #six-leaf-clover-c0.83-w0.607-t0.75.msh
-6 52.9383653446 0.3279925772 1.0 0 #six-leaf-clover-c0.83-w0.607-t0.777.msh
-6 52.1381244614 0.325773697952 1.0 0 #six-leaf-clover-c0.83-w0.607-t0.803.msh
-6 51.2325742743 0.323865539111 1.0 0 #six-leaf-clover-c0.83-w0.607-t0.83.msh
-6 50.2825307228 0.322010757585 1.0 0 #six-leaf-clover-c0.83-w0.607-t0.857.msh
-6 49.4563367244 0.319692588276 1.0 0 #six-leaf-clover-c0.83-w0.607-t0.883.msh
-6 48.2814479534 0.31730044045 1.0 0 #six-leaf-clover-c0.83-w0.607-t0.91.msh
-6 47.0191355788 0.314969188681 1.0 0 #six-leaf-clover-c0.83-w0.607-t0.937.msh
-6 45.6279404802 0.311618954585 1.0 0 #six-leaf-clover-c0.83-w0.607-t0.963.msh
-6 44.267957817 0.307042750803 1.0 0 #six-leaf-clover-c0.83-w0.607-t0.99.msh
-6 57.8220949222 0.322104817038 1.0 0 #six-leaf-clover-c0.83-w0.66-t0.75.msh
-6 57.0444303855 0.321464422579 1.0 0 #six-leaf-clover-c0.83-w0.66-t0.777.msh
-6 56.3072473313 0.31894063355 1.0 0 #six-leaf-clover-c0.83-w0.66-t0.803.msh
-6 55.5637197773 0.316786988411 1.0 0 #six-leaf-clover-c0.83-w0.66-t0.83.msh
-6 54.5141689922 0.315125997426 1.0 0 #six-leaf-clover-c0.83-w0.66-t0.857.msh
-6 53.6220565108 0.312500963296 1.0 0 #six-leaf-clover-c0.83-w0.66-t0.883.msh
-6 52.6473253194 0.310660146532 1.0 0 #six-leaf-clover-c0.83-w0.66-t0.91.msh
-6 51.4293559687 0.308081056939 1.0 0 #six-leaf-clover-c0.83-w0.66-t0.937.msh
-6 50.2073294406 0.304518084262 1.0 0 #six-leaf-clover-c0.83-w0.66-t0.963.msh
-6 49.0428187232 0.29937832116 1.0 0 #six-leaf-clover-c0.83-w0.66-t0.99.msh
-6 63.7061516364 0.314806633328 1.0 0 #six-leaf-clover-c0.83-w0.713-t0.75.msh
-6 62.8363505121 0.313241814877 1.0 0 #six-leaf-clover-c0.83-w0.713-t0.777.msh
-6 62.176011749 0.311057792771 1.0 0 #six-leaf-clover-c0.83-w0.713-t0.803.msh
-6 61.4301595134 0.30887073219 1.0 0 #six-leaf-clover-c0.83-w0.713-t0.83.msh
-6 60.4659020356 0.306718715617 1.0 0 #six-leaf-clover-c0.83-w0.713-t0.857.msh
-6 59.7852034842 0.304688660479 1.0 0 #six-leaf-clover-c0.83-w0.713-t0.883.msh
-6 58.6860123727 0.302408115039 1.0 0 #six-leaf-clover-c0.83-w0.713-t0.91.msh
-6 57.6224334914 0.299351299486 1.0 0 #six-leaf-clover-c0.83-w0.713-t0.937.msh
-6 56.6574585643 0.29620240926 1.0 0 #six-leaf-clover-c0.83-w0.713-t0.963.msh
-6 55.4288179013 0.29263010116 1.0 0 #six-leaf-clover-c0.83-w0.713-t0.99.msh
-6 75.0925420237 0.306582027891 1.0 0 #six-leaf-clover-c0.83-w0.767-t0.75.msh
-6 74.8285758382 0.304810461103 1.0 0 #six-leaf-clover-c0.83-w0.767-t0.777.msh
-6 74.1191421448 0.303596716847 1.0 0 #six-leaf-clover-c0.83-w0.767-t0.803.msh
-6 73.6061290684 0.301035269798 1.0 0 #six-leaf-clover-c0.83-w0.767-t0.83.msh
-6 73.0062387279 0.299025485685 1.0 0 #six-leaf-clover-c0.83-w0.767-t0.857.msh
-6 72.2443159079 0.29601984328 1.0 0 #six-leaf-clover-c0.83-w0.767-t0.883.msh
-6 71.3915289548 0.292346168999 1.0 0 #six-leaf-clover-c0.83-w0.767-t0.91.msh
-6 70.5682911772 0.289866467197 1.0 0 #six-leaf-clover-c0.83-w0.767-t0.937.msh
-6 69.5650580893 0.285970493045 1.0 0 #six-leaf-clover-c0.83-w0.767-t0.963.msh
-6 68.4101444934 0.282235665648 1.0 0 #six-leaf-clover-c0.83-w0.767-t0.99.msh
-6 97.6192583472 0.301513266713 1.0 0 #six-leaf-clover-c0.83-w0.82-t0.75.msh
-6 97.2001880289 0.299146626392 1.0 0 #six-leaf-clover-c0.83-w0.82-t0.777.msh
-6 96.7747282666 0.296441988741 1.0 0 #six-leaf-clover-c0.83-w0.82-t0.803.msh
-6 96.2445927202 0.294067074835 1.0 0 #six-leaf-clover-c0.83-w0.82-t0.83.msh
-6 95.9886934275 0.291008305363 1.0 0 #six-leaf-clover-c0.83-w0.82-t0.857.msh
-6 95.4127587275 0.287848189576 1.0 0 #six-leaf-clover-c0.83-w0.82-t0.883.msh
-6 94.8238476309 0.285079627985 1.0 0 #six-leaf-clover-c0.83-w0.82-t0.91.msh
-6 94.1664374459 0.281197104994 1.0 0 #six-leaf-clover-c0.83-w0.82-t0.937.msh
-6 93.4986291547 0.276148311991 1.0 0 #six-leaf-clover-c0.83-w0.82-t0.963.msh
-6 92.8834732166 0.272671006404 1.0 0 #six-leaf-clover-c0.83-w0.82-t0.99.msh
-6 131.069654103 0.291557993173 1.0 0 #six-leaf-clover-c0.83-w0.873-t0.75.msh
-6 130.780976494 0.288866688998 1.0 0 #six-leaf-clover-c0.83-w0.873-t0.777.msh
-6 130.5994872 0.286119133905 1.0 0 #six-leaf-clover-c0.83-w0.873-t0.803.msh
-6 130.279024366 0.284375520426 1.0 0 #six-leaf-clover-c0.83-w0.873-t0.83.msh
-6 129.887356134 0.280401525554 1.0 0 #six-leaf-clover-c0.83-w0.873-t0.857.msh
-6 129.703236338 0.278863477328 1.0 0 #six-leaf-clover-c0.83-w0.873-t0.883.msh
-6 129.203004217 0.274986572739 1.0 0 #six-leaf-clover-c0.83-w0.873-t0.91.msh
-6 128.880721334 0.271529662874 1.0 0 #six-leaf-clover-c0.83-w0.873-t0.937.msh
-6 128.354089376 0.268358906645 1.0 0 #six-leaf-clover-c0.83-w0.873-t0.963.msh
-6 128.07842837 0.264218555513 1.0 0 #six-leaf-clover-c0.83-w0.873-t0.99.msh
-6 184.743603447 0.295505642994 1.0 0 #six-leaf-clover-c0.83-w0.927-t0.75.msh
-6 184.091126927 0.294179219081 1.0 0 #six-leaf-clover-c0.83-w0.927-t0.777.msh
-6 183.968223383 0.293452546598 1.0 0 #six-leaf-clover-c0.83-w0.927-t0.803.msh
-6 183.559981332 0.291949932982 1.0 0 #six-leaf-clover-c0.83-w0.927-t0.83.msh
-6 183.629373265 0.29043624994 1.0 0 #six-leaf-clover-c0.83-w0.927-t0.857.msh
-6 183.363311577 0.28964237434 1.0 0 #six-leaf-clover-c0.83-w0.927-t0.883.msh
-6 182.749640917 0.288076137696 1.0 0 #six-leaf-clover-c0.83-w0.927-t0.91.msh
-6 182.83427386 0.287306433522 1.0 0 #six-leaf-clover-c0.83-w0.927-t0.937.msh
-6 182.195677826 0.285506222533 1.0 0 #six-leaf-clover-c0.83-w0.927-t0.963.msh
-6 182.04859519 0.283973915897 1.0 0 #six-leaf-clover-c0.83-w0.927-t0.99.msh
-6 199.54711729 0.348786999771 1.0 0 #six-leaf-clover-c0.83-w0.98-t0.75.msh
-6 199.54711729 0.348786999771 1.0 0 #six-leaf-clover-c0.83-w0.98-t0.777.msh
-6 199.54711729 0.348786999771 1.0 0 #six-leaf-clover-c0.83-w0.98-t0.803.msh
-6 199.54711729 0.348786999771 1.0 0 #six-leaf-clover-c0.83-w0.98-t0.83.msh
-6 199.54711729 0.348786999771 1.0 0 #six-leaf-clover-c0.83-w0.98-t0.857.msh
-6 199.54711729 0.348786999771 1.0 0 #six-leaf-clover-c0.83-w0.98-t0.883.msh
-6 199.54711729 0.348786999771 1.0 0 #six-leaf-clover-c0.83-w0.98-t0.91.msh
-6 199.54711729 0.348786999771 1.0 0 #six-leaf-clover-c0.83-w0.98-t0.937.msh
-6 199.54711729 0.348786999771 1.0 0 #six-leaf-clover-c0.83-w0.98-t0.963.msh
-6 199.54711729 0.348786999771 1.0 0 #six-leaf-clover-c0.83-w0.98-t0.99.msh
-6 44.9592285675 0.342546552002 1.0 0 #six-leaf-clover-c0.857-w0.5-t0.75.msh
-6 44.3550264593 0.341755222161 1.0 0 #six-leaf-clover-c0.857-w0.5-t0.777.msh
-6 43.6763345427 0.339833254814 1.0 0 #six-leaf-clover-c0.857-w0.5-t0.803.msh
-6 42.8638737941 0.339016264075 1.0 0 #six-leaf-clover-c0.857-w0.5-t0.83.msh
-6 42.0062033426 0.337604873387 1.0 0 #six-leaf-clover-c0.857-w0.5-t0.857.msh
-6 41.0567753826 0.33599726915 1.0 0 #six-leaf-clover-c0.857-w0.5-t0.883.msh
-6 39.9670133421 0.333866140726 1.0 0 #six-leaf-clover-c0.857-w0.5-t0.91.msh
-6 38.6986384072 0.331899266001 1.0 0 #six-leaf-clover-c0.857-w0.5-t0.937.msh
-6 37.4994226765 0.329072704983 1.0 0 #six-leaf-clover-c0.857-w0.5-t0.963.msh
-6 35.9430069099 0.32569330787 1.0 0 #six-leaf-clover-c0.857-w0.5-t0.99.msh
-6 47.5890219481 0.338928759199 1.0 0 #six-leaf-clover-c0.857-w0.553-t0.75.msh
-6 46.9848444904 0.337691723343 1.0 0 #six-leaf-clover-c0.857-w0.553-t0.777.msh
-6 46.2633787467 0.336300187503 1.0 0 #six-leaf-clover-c0.857-w0.553-t0.803.msh
-6 45.4777831292 0.334863017681 1.0 0 #six-leaf-clover-c0.857-w0.553-t0.83.msh
-6 44.5844308402 0.333586340959 1.0 0 #six-leaf-clover-c0.857-w0.553-t0.857.msh
-6 43.6930541429 0.331477909137 1.0 0 #six-leaf-clover-c0.857-w0.553-t0.883.msh
-6 42.7235586106 0.329160713671 1.0 0 #six-leaf-clover-c0.857-w0.553-t0.91.msh
-6 41.5435195232 0.326546644885 1.0 0 #six-leaf-clover-c0.857-w0.553-t0.937.msh
-6 40.2383187259 0.323607279162 1.0 0 #six-leaf-clover-c0.857-w0.553-t0.963.msh
-6 38.7076848067 0.319636113955 1.0 0 #six-leaf-clover-c0.857-w0.553-t0.99.msh
-6 50.6900192559 0.332725999908 1.0 0 #six-leaf-clover-c0.857-w0.607-t0.75.msh
-6 50.1516414326 0.331286417687 1.0 0 #six-leaf-clover-c0.857-w0.607-t0.777.msh
-6 49.407697287 0.32974255925 1.0 0 #six-leaf-clover-c0.857-w0.607-t0.803.msh
-6 48.606394428 0.32930582199 1.0 0 #six-leaf-clover-c0.857-w0.607-t0.83.msh
-6 47.7128934043 0.326514969307 1.0 0 #six-leaf-clover-c0.857-w0.607-t0.857.msh
-6 46.9721514863 0.323891975997 1.0 0 #six-leaf-clover-c0.857-w0.607-t0.883.msh
-6 45.8766247168 0.322033584919 1.0 0 #six-leaf-clover-c0.857-w0.607-t0.91.msh
-6 44.7738517838 0.31910770254 1.0 0 #six-leaf-clover-c0.857-w0.607-t0.937.msh
-6 43.4910702169 0.316717464315 1.0 0 #six-leaf-clover-c0.857-w0.607-t0.963.msh
-6 42.201245579 0.312755344591 1.0 0 #six-leaf-clover-c0.857-w0.607-t0.99.msh
-6 54.8898406479 0.326723629811 1.0 0 #six-leaf-clover-c0.857-w0.66-t0.75.msh
-6 54.1851912952 0.325566052465 1.0 0 #six-leaf-clover-c0.857-w0.66-t0.777.msh
-6 53.6143293234 0.323961034353 1.0 0 #six-leaf-clover-c0.857-w0.66-t0.803.msh
-6 52.7704281038 0.321949944588 1.0 0 #six-leaf-clover-c0.857-w0.66-t0.83.msh
-6 51.9912963463 0.320448500035 1.0 0 #six-leaf-clover-c0.857-w0.66-t0.857.msh
-6 51.1488318877 0.318390308632 1.0 0 #six-leaf-clover-c0.857-w0.66-t0.883.msh
-6 50.2523856155 0.315566230159 1.0 0 #six-leaf-clover-c0.857-w0.66-t0.91.msh
-6 49.1597896063 0.312472373333 1.0 0 #six-leaf-clover-c0.857-w0.66-t0.937.msh
-6 47.9406099234 0.310538336479 1.0 0 #six-leaf-clover-c0.857-w0.66-t0.963.msh
-6 46.8265930869 0.305864816292 1.0 0 #six-leaf-clover-c0.857-w0.66-t0.99.msh
-6 60.6547054077 0.318850322219 1.0 0 #six-leaf-clover-c0.857-w0.713-t0.75.msh
-6 59.8995435129 0.317281148408 1.0 0 #six-leaf-clover-c0.857-w0.713-t0.777.msh
-6 59.3766596195 0.315888738473 1.0 0 #six-leaf-clover-c0.857-w0.713-t0.803.msh
-6 58.5343202409 0.313594794822 1.0 0 #six-leaf-clover-c0.857-w0.713-t0.83.msh
-6 57.6695361588 0.311718965323 1.0 0 #six-leaf-clover-c0.857-w0.713-t0.857.msh
-6 57.0909986822 0.309221191987 1.0 0 #six-leaf-clover-c0.857-w0.713-t0.883.msh
-6 56.1648806075 0.307135619217 1.0 0 #six-leaf-clover-c0.857-w0.713-t0.91.msh
-6 55.0380336661 0.304261122511 1.0 0 #six-leaf-clover-c0.857-w0.713-t0.937.msh
-6 54.1705608377 0.3014262803 1.0 0 #six-leaf-clover-c0.857-w0.713-t0.963.msh
-6 53.0353330702 0.297552391759 1.0 0 #six-leaf-clover-c0.857-w0.713-t0.99.msh
-6 70.5932718822 0.311778164573 1.0 0 #six-leaf-clover-c0.857-w0.767-t0.75.msh
-6 70.3254218481 0.309916277604 1.0 0 #six-leaf-clover-c0.857-w0.767-t0.777.msh
-6 69.7333224559 0.308496948705 1.0 0 #six-leaf-clover-c0.857-w0.767-t0.803.msh
-6 69.3205186524 0.305868772675 1.0 0 #six-leaf-clover-c0.857-w0.767-t0.83.msh
-6 68.6963083588 0.303528613394 1.0 0 #six-leaf-clover-c0.857-w0.767-t0.857.msh
-6 68.0629574072 0.30094309854 1.0 0 #six-leaf-clover-c0.857-w0.767-t0.883.msh
-6 67.3519105696 0.298116046235 1.0 0 #six-leaf-clover-c0.857-w0.767-t0.91.msh
-6 66.4605651648 0.293838914774 1.0 0 #six-leaf-clover-c0.857-w0.767-t0.937.msh
-6 65.5829701228 0.291395968825 1.0 0 #six-leaf-clover-c0.857-w0.767-t0.963.msh
-6 64.6689298269 0.28854684305 1.0 0 #six-leaf-clover-c0.857-w0.767-t0.99.msh
-6 93.9378910895 0.303732160288 1.0 0 #six-leaf-clover-c0.857-w0.82-t0.75.msh
-6 93.6305275674 0.302208805062 1.0 0 #six-leaf-clover-c0.857-w0.82-t0.777.msh
-6 93.3271348243 0.300326434239 1.0 0 #six-leaf-clover-c0.857-w0.82-t0.803.msh
-6 92.9628428469 0.297855869441 1.0 0 #six-leaf-clover-c0.857-w0.82-t0.83.msh
-6 92.580232775 0.294641508473 1.0 0 #six-leaf-clover-c0.857-w0.82-t0.857.msh
-6 92.0168738207 0.291626242822 1.0 0 #six-leaf-clover-c0.857-w0.82-t0.883.msh
-6 91.5601708884 0.288896875349 1.0 0 #six-leaf-clover-c0.857-w0.82-t0.91.msh
-6 90.8881584125 0.284853157662 1.0 0 #six-leaf-clover-c0.857-w0.82-t0.937.msh
-6 90.3094547161 0.280122110847 1.0 0 #six-leaf-clover-c0.857-w0.82-t0.963.msh
-6 89.6182601115 0.276130522611 1.0 0 #six-leaf-clover-c0.857-w0.82-t0.99.msh
-6 128.061512467 0.293197948765 1.0 0 #six-leaf-clover-c0.857-w0.873-t0.75.msh
-6 127.803740345 0.290836697342 1.0 0 #six-leaf-clover-c0.857-w0.873-t0.777.msh
-6 127.718125408 0.288396474964 1.0 0 #six-leaf-clover-c0.857-w0.873-t0.803.msh
-6 127.43711608 0.28616394615 1.0 0 #six-leaf-clover-c0.857-w0.873-t0.83.msh
-6 127.122843693 0.282837663373 1.0 0 #six-leaf-clover-c0.857-w0.873-t0.857.msh
-6 126.66196097 0.279758357953 1.0 0 #six-leaf-clover-c0.857-w0.873-t0.883.msh
-6 126.487919218 0.276607671378 1.0 0 #six-leaf-clover-c0.857-w0.873-t0.91.msh
-6 126.111606467 0.273246089083 1.0 0 #six-leaf-clover-c0.857-w0.873-t0.937.msh
-6 125.542640578 0.270174193425 1.0 0 #six-leaf-clover-c0.857-w0.873-t0.963.msh
-6 125.276773977 0.266168007117 1.0 0 #six-leaf-clover-c0.857-w0.873-t0.99.msh
-6 184.122892521 0.294206464483 1.0 0 #six-leaf-clover-c0.857-w0.927-t0.75.msh
-6 183.817780047 0.293517102469 1.0 0 #six-leaf-clover-c0.857-w0.927-t0.777.msh
-6 183.376446404 0.292165223752 1.0 0 #six-leaf-clover-c0.857-w0.927-t0.803.msh
-6 183.234485003 0.291035819301 1.0 0 #six-leaf-clover-c0.857-w0.927-t0.83.msh
-6 182.819377644 0.288497323804 1.0 0 #six-leaf-clover-c0.857-w0.927-t0.857.msh
-6 182.62741853 0.288064588735 1.0 0 #six-leaf-clover-c0.857-w0.927-t0.883.msh
-6 182.402300595 0.28726972173 1.0 0 #six-leaf-clover-c0.857-w0.927-t0.91.msh
-6 181.980071076 0.285899546769 1.0 0 #six-leaf-clover-c0.857-w0.927-t0.937.msh
-6 181.889965749 0.284452934912 1.0 0 #six-leaf-clover-c0.857-w0.927-t0.963.msh
-6 181.601184987 0.282893352631 1.0 0 #six-leaf-clover-c0.857-w0.927-t0.99.msh
-6 199.54711729 0.348786999771 1.0 0 #six-leaf-clover-c0.857-w0.98-t0.75.msh
-6 199.54711729 0.348786999771 1.0 0 #six-leaf-clover-c0.857-w0.98-t0.777.msh
-6 199.54711729 0.348786999771 1.0 0 #six-leaf-clover-c0.857-w0.98-t0.803.msh
-6 199.54711729 0.348786999771 1.0 0 #six-leaf-clover-c0.857-w0.98-t0.83.msh
-6 199.54711729 0.348786999771 1.0 0 #six-leaf-clover-c0.857-w0.98-t0.857.msh
-6 199.54711729 0.348786999771 1.0 0 #six-leaf-clover-c0.857-w0.98-t0.883.msh
-6 199.54711729 0.348786999771 1.0 0 #six-leaf-clover-c0.857-w0.98-t0.91.msh
-6 199.54711729 0.348786999771 1.0 0 #six-leaf-clover-c0.857-w0.98-t0.937.msh
-6 199.54711729 0.348786999771 1.0 0 #six-leaf-clover-c0.857-w0.98-t0.963.msh
-6 199.54711729 0.348786999771 1.0 0 #six-leaf-clover-c0.857-w0.98-t0.99.msh
-6 42.2505033541 0.345429755539 1.0 0 #six-leaf-clover-c0.883-w0.5-t0.75.msh
-6 41.7658886922 0.344292371823 1.0 0 #six-leaf-clover-c0.883-w0.5-t0.777.msh
-6 41.1582347094 0.343325546779 1.0 0 #six-leaf-clover-c0.883-w0.5-t0.803.msh
-6 40.4681794485 0.342171932749 1.0 0 #six-leaf-clover-c0.883-w0.5-t0.83.msh
-6 39.692321353 0.34093135139 1.0 0 #six-leaf-clover-c0.883-w0.5-t0.857.msh
-6 38.8422789997 0.339407204159 1.0 0 #six-leaf-clover-c0.883-w0.5-t0.883.msh
-6 37.886531015 0.337691409828 1.0 0 #six-leaf-clover-c0.883-w0.5-t0.91.msh
-6 36.7513222934 0.336151369569 1.0 0 #six-leaf-clover-c0.883-w0.5-t0.937.msh
-6 35.4795127753 0.334145968147 1.0 0 #six-leaf-clover-c0.883-w0.5-t0.963.msh
-6 34.1673412103 0.329223320074 1.0 0 #six-leaf-clover-c0.883-w0.5-t0.99.msh
-6 44.8955180757 0.341565123755 1.0 0 #six-leaf-clover-c0.883-w0.553-t0.75.msh
-6 44.3457184086 0.340494455173 1.0 0 #six-leaf-clover-c0.883-w0.553-t0.777.msh
-6 43.6924268599 0.339476864802 1.0 0 #six-leaf-clover-c0.883-w0.553-t0.803.msh
-6 42.9873671928 0.338138465817 1.0 0 #six-leaf-clover-c0.883-w0.553-t0.83.msh
-6 42.1872880206 0.336890483595 1.0 0 #six-leaf-clover-c0.883-w0.553-t0.857.msh
-6 41.3220824864 0.334968361951 1.0 0 #six-leaf-clover-c0.883-w0.553-t0.883.msh
-6 40.4515250861 0.332674129378 1.0 0 #six-leaf-clover-c0.883-w0.553-t0.91.msh
-6 39.3809589006 0.33036489115 1.0 0 #six-leaf-clover-c0.883-w0.553-t0.937.msh
-6 38.1954113248 0.327557607201 1.0 0 #six-leaf-clover-c0.883-w0.553-t0.963.msh
-6 36.8306365674 0.32393745262 1.0 0 #six-leaf-clover-c0.883-w0.553-t0.99.msh
-6 47.9608031775 0.336851151002 1.0 0 #six-leaf-clover-c0.883-w0.607-t0.75.msh
-6 47.4250649758 0.33553947042 1.0 0 #six-leaf-clover-c0.883-w0.607-t0.777.msh
-6 46.8003594564 0.334267919369 1.0 0 #six-leaf-clover-c0.883-w0.607-t0.803.msh
-6 46.0653894761 0.333683587195 1.0 0 #six-leaf-clover-c0.883-w0.607-t0.83.msh
-6 45.2927565215 0.331734805123 1.0 0 #six-leaf-clover-c0.883-w0.607-t0.857.msh
-6 44.6294670348 0.329121097714 1.0 0 #six-leaf-clover-c0.883-w0.607-t0.883.msh
-6 43.6426555769 0.326997607459 1.0 0 #six-leaf-clover-c0.883-w0.607-t0.91.msh
-6 42.5985728029 0.324721633035 1.0 0 #six-leaf-clover-c0.883-w0.607-t0.937.msh
-6 41.4362082738 0.321675214505 1.0 0 #six-leaf-clover-c0.883-w0.607-t0.963.msh
-6 40.2455532639 0.317973581781 1.0 0 #six-leaf-clover-c0.883-w0.607-t0.99.msh
-6 51.9895340831 0.332318070996 1.0 0 #six-leaf-clover-c0.883-w0.66-t0.75.msh
-6 51.3315815607 0.330979201369 1.0 0 #six-leaf-clover-c0.883-w0.66-t0.777.msh
-6 50.8047470194 0.329181828273 1.0 0 #six-leaf-clover-c0.883-w0.66-t0.803.msh
-6 50.0960692645 0.327680424695 1.0 0 #six-leaf-clover-c0.883-w0.66-t0.83.msh
-6 49.3430173197 0.32600832515 1.0 0 #six-leaf-clover-c0.883-w0.66-t0.857.msh
-6 48.5978539108 0.324117083615 1.0 0 #six-leaf-clover-c0.883-w0.66-t0.883.msh
-6 47.7518906357 0.321590889513 1.0 0 #six-leaf-clover-c0.883-w0.66-t0.91.msh
-6 46.7656967415 0.319261238722 1.0 0 #six-leaf-clover-c0.883-w0.66-t0.937.msh
-6 45.616539714 0.316154920628 1.0 0 #six-leaf-clover-c0.883-w0.66-t0.963.msh
-6 44.6780623247 0.311417557866 1.0 0 #six-leaf-clover-c0.883-w0.66-t0.99.msh
-6 57.5984782222 0.323472493105 1.0 0 #six-leaf-clover-c0.883-w0.713-t0.75.msh
-6 56.9549910661 0.3226936444 1.0 0 #six-leaf-clover-c0.883-w0.713-t0.777.msh
-6 56.4409421195 0.320431226251 1.0 0 #six-leaf-clover-c0.883-w0.713-t0.803.msh
-6 55.7718853384 0.319081287252 1.0 0 #six-leaf-clover-c0.883-w0.713-t0.83.msh
-6 54.9902587902 0.317263307742 1.0 0 #six-leaf-clover-c0.883-w0.713-t0.857.msh
-6 54.3436439665 0.314859939938 1.0 0 #six-leaf-clover-c0.883-w0.713-t0.883.msh
-6 53.4879277186 0.311821638068 1.0 0 #six-leaf-clover-c0.883-w0.713-t0.91.msh
-6 52.5034969643 0.30989556594 1.0 0 #six-leaf-clover-c0.883-w0.713-t0.937.msh
-6 51.7306715797 0.306729096515 1.0 0 #six-leaf-clover-c0.883-w0.713-t0.963.msh
-6 50.6544610627 0.303307965307 1.0 0 #six-leaf-clover-c0.883-w0.713-t0.99.msh
-6 65.9931443905 0.31392952924 1.0 0 #six-leaf-clover-c0.883-w0.767-t0.75.msh
-6 65.7968536212 0.312287508966 1.0 0 #six-leaf-clover-c0.883-w0.767-t0.777.msh
-6 65.1686326812 0.310426886494 1.0 0 #six-leaf-clover-c0.883-w0.767-t0.803.msh
-6 64.8479312476 0.308704060996 1.0 0 #six-leaf-clover-c0.883-w0.767-t0.83.msh
-6 64.4267683289 0.30673939673 1.0 0 #six-leaf-clover-c0.883-w0.767-t0.857.msh
-6 63.7688392285 0.304452800496 1.0 0 #six-leaf-clover-c0.883-w0.767-t0.883.msh
-6 63.1324545282 0.301547491576 1.0 0 #six-leaf-clover-c0.883-w0.767-t0.91.msh
-6 62.3747672347 0.298111891638 1.0 0 #six-leaf-clover-c0.883-w0.767-t0.937.msh
-6 61.636890182 0.296427333459 1.0 0 #six-leaf-clover-c0.883-w0.767-t0.963.msh
-6 60.6698596332 0.292198678603 1.0 0 #six-leaf-clover-c0.883-w0.767-t0.99.msh
-6 90.973529372 0.307224376119 1.0 0 #six-leaf-clover-c0.883-w0.82-t0.75.msh
-6 90.5479673533 0.304804056336 1.0 0 #six-leaf-clover-c0.883-w0.82-t0.777.msh
-6 90.1737455287 0.30274159926 1.0 0 #six-leaf-clover-c0.883-w0.82-t0.803.msh
-6 89.9354781902 0.300064985349 1.0 0 #six-leaf-clover-c0.883-w0.82-t0.83.msh
-6 89.5936438312 0.297811272247 1.0 0 #six-leaf-clover-c0.883-w0.82-t0.857.msh
-6 89.0404378136 0.294605826971 1.0 0 #six-leaf-clover-c0.883-w0.82-t0.883.msh
-6 88.6184301469 0.291095036984 1.0 0 #six-leaf-clover-c0.883-w0.82-t0.91.msh
-6 87.9039475669 0.287273450617 1.0 0 #six-leaf-clover-c0.883-w0.82-t0.937.msh
-6 87.3817576588 0.282708689119 1.0 0 #six-leaf-clover-c0.883-w0.82-t0.963.msh
-6 86.7805503507 0.278993614918 1.0 0 #six-leaf-clover-c0.883-w0.82-t0.99.msh
-6 124.81042926 0.294423718236 1.0 0 #six-leaf-clover-c0.883-w0.873-t0.75.msh
-6 124.543286277 0.292268857078 1.0 0 #six-leaf-clover-c0.883-w0.873-t0.777.msh
-6 124.465556095 0.290297434189 1.0 0 #six-leaf-clover-c0.883-w0.873-t0.803.msh
-6 124.146916698 0.287827251633 1.0 0 #six-leaf-clover-c0.883-w0.873-t0.83.msh
-6 123.889574339 0.284822903545 1.0 0 #six-leaf-clover-c0.883-w0.873-t0.857.msh
-6 123.520720602 0.282221165528 1.0 0 #six-leaf-clover-c0.883-w0.873-t0.883.msh
-6 123.319011431 0.278452895536 1.0 0 #six-leaf-clover-c0.883-w0.873-t0.91.msh
-6 123.0946527 0.275001107722 1.0 0 #six-leaf-clover-c0.883-w0.873-t0.937.msh
-6 122.563510564 0.272285623972 1.0 0 #six-leaf-clover-c0.883-w0.873-t0.963.msh
-6 122.203721181 0.268622997428 1.0 0 #six-leaf-clover-c0.883-w0.873-t0.99.msh
-6 183.221299777 0.292769626887 1.0 0 #six-leaf-clover-c0.883-w0.927-t0.75.msh
-6 183.036179912 0.291597038085 1.0 0 #six-leaf-clover-c0.883-w0.927-t0.777.msh
-6 182.66708748 0.290454864155 1.0 0 #six-leaf-clover-c0.883-w0.927-t0.803.msh
-6 182.489849912 0.28873630414 1.0 0 #six-leaf-clover-c0.883-w0.927-t0.83.msh
-6 182.263023663 0.287560794788 1.0 0 #six-leaf-clover-c0.883-w0.927-t0.857.msh
-6 181.838476071 0.286457411497 1.0 0 #six-leaf-clover-c0.883-w0.927-t0.883.msh
-6 181.414287024 0.285610418586 1.0 0 #six-leaf-clover-c0.883-w0.927-t0.91.msh
-6 181.341200309 0.284042678055 1.0 0 #six-leaf-clover-c0.883-w0.927-t0.937.msh
-6 181.291634305 0.282593431642 1.0 0 #six-leaf-clover-c0.883-w0.927-t0.963.msh
-6 180.807089702 0.281008960002 1.0 0 #six-leaf-clover-c0.883-w0.927-t0.99.msh
-6 199.54711729 0.348786999771 1.0 0 #six-leaf-clover-c0.883-w0.98-t0.75.msh
-6 199.54711729 0.348786999771 1.0 0 #six-leaf-clover-c0.883-w0.98-t0.777.msh
-6 199.54711729 0.348786999771 1.0 0 #six-leaf-clover-c0.883-w0.98-t0.803.msh
-6 199.54711729 0.348786999771 1.0 0 #six-leaf-clover-c0.883-w0.98-t0.83.msh
-6 199.54711729 0.348786999771 1.0 0 #six-leaf-clover-c0.883-w0.98-t0.857.msh
-6 199.54711729 0.348786999771 1.0 0 #six-leaf-clover-c0.883-w0.98-t0.883.msh
-6 199.54711729 0.348786999771 1.0 0 #six-leaf-clover-c0.883-w0.98-t0.91.msh
-6 199.54711729 0.348786999771 1.0 0 #six-leaf-clover-c0.883-w0.98-t0.937.msh
-6 199.54711729 0.348786999771 1.0 0 #six-leaf-clover-c0.883-w0.98-t0.963.msh
-6 199.54711729 0.348786999771 1.0 0 #six-leaf-clover-c0.883-w0.98-t0.99.msh
-6 39.5094529806 0.347995919898 1.0 0 #six-leaf-clover-c0.91-w0.5-t0.75.msh
-6 39.030275899 0.347227258297 1.0 0 #six-leaf-clover-c0.91-w0.5-t0.777.msh
-6 38.4932107054 0.346322133518 1.0 0 #six-leaf-clover-c0.91-w0.5-t0.803.msh
-6 37.8835628365 0.345145789207 1.0 0 #six-leaf-clover-c0.91-w0.5-t0.83.msh
-6 37.2123652965 0.343917637143 1.0 0 #six-leaf-clover-c0.91-w0.5-t0.857.msh
-6 36.4505940333 0.342689166721 1.0 0 #six-leaf-clover-c0.91-w0.5-t0.883.msh
-6 35.5506037764 0.341587510118 1.0 0 #six-leaf-clover-c0.91-w0.5-t0.91.msh
-6 34.5843800191 0.339823298158 1.0 0 #six-leaf-clover-c0.91-w0.5-t0.937.msh
-6 33.5350413134 0.337271247396 1.0 0 #six-leaf-clover-c0.91-w0.5-t0.963.msh
-6 32.2671517085 0.333479360705 1.0 0 #six-leaf-clover-c0.91-w0.5-t0.99.msh
-6 42.1619438129 0.346852675548 1.0 0 #six-leaf-clover-c0.91-w0.553-t0.75.msh
-6 41.6736847322 0.345883223287 1.0 0 #six-leaf-clover-c0.91-w0.553-t0.777.msh
-6 41.1098428072 0.344817530327 1.0 0 #six-leaf-clover-c0.91-w0.553-t0.803.msh
-6 40.4749206441 0.343534451547 1.0 0 #six-leaf-clover-c0.91-w0.553-t0.83.msh
-6 39.7391825479 0.342364540338 1.0 0 #six-leaf-clover-c0.91-w0.553-t0.857.msh
-6 39.0236805706 0.340656336856 1.0 0 #six-leaf-clover-c0.91-w0.553-t0.883.msh
-6 38.2276210355 0.338617822619 1.0 0 #six-leaf-clover-c0.91-w0.553-t0.91.msh
-6 37.2625383948 0.336414923452 1.0 0 #six-leaf-clover-c0.91-w0.553-t0.937.msh
-6 36.1906004152 0.33342110367 1.0 0 #six-leaf-clover-c0.91-w0.553-t0.963.msh
-6 34.9635830884 0.330207620606 1.0 0 #six-leaf-clover-c0.91-w0.553-t0.99.msh
-6 45.2528814264 0.339854642864 1.0 0 #six-leaf-clover-c0.91-w0.607-t0.75.msh
-6 44.7671363134 0.338725372843 1.0 0 #six-leaf-clover-c0.91-w0.607-t0.777.msh
-6 44.2100902591 0.337512098859 1.0 0 #six-leaf-clover-c0.91-w0.607-t0.803.msh
-6 43.5410642921 0.336308476034 1.0 0 #six-leaf-clover-c0.91-w0.607-t0.83.msh
-6 42.811389203 0.334702194109 1.0 0 #six-leaf-clover-c0.91-w0.607-t0.857.msh
-6 42.212243246 0.331861507121 1.0 0 #six-leaf-clover-c0.91-w0.607-t0.883.msh
-6 41.2627928185 0.330862543839 1.0 0 #six-leaf-clover-c0.91-w0.607-t0.91.msh
-6 40.3328909595 0.327683656354 1.0 0 #six-leaf-clover-c0.91-w0.607-t0.937.msh
-6 39.3196709394 0.325334999978 1.0 0 #six-leaf-clover-c0.91-w0.607-t0.963.msh
-6 38.1755733181 0.321866927161 1.0 0 #six-leaf-clover-c0.91-w0.607-t0.99.msh
-6 49.2342095533 0.335562740611 1.0 0 #six-leaf-clover-c0.91-w0.66-t0.75.msh
-6 48.6553339306 0.334541577367 1.0 0 #six-leaf-clover-c0.91-w0.66-t0.777.msh
-6 48.1853468182 0.333398821566 1.0 0 #six-leaf-clover-c0.91-w0.66-t0.803.msh
-6 47.5555771377 0.332315017467 1.0 0 #six-leaf-clover-c0.91-w0.66-t0.83.msh
-6 46.801678979 0.329670382289 1.0 0 #six-leaf-clover-c0.91-w0.66-t0.857.msh
-6 46.1234359029 0.328078255835 1.0 0 #six-leaf-clover-c0.91-w0.66-t0.883.msh
-6 45.3898442991 0.326136191835 1.0 0 #six-leaf-clover-c0.91-w0.66-t0.91.msh
-6 44.4613654094 0.323350150875 1.0 0 #six-leaf-clover-c0.91-w0.66-t0.937.msh
-6 43.4648961532 0.321350008598 1.0 0 #six-leaf-clover-c0.91-w0.66-t0.963.msh
-6 42.5755548509 0.317475819971 1.0 0 #six-leaf-clover-c0.91-w0.66-t0.99.msh
-6 54.808914288 0.329081676778 1.0 0 #six-leaf-clover-c0.91-w0.713-t0.75.msh
-6 54.0811745347 0.326408812022 1.0 0 #six-leaf-clover-c0.91-w0.713-t0.777.msh
-6 53.6834913929 0.325387632062 1.0 0 #six-leaf-clover-c0.91-w0.713-t0.803.msh
-6 53.0709188293 0.322811831244 1.0 0 #six-leaf-clover-c0.91-w0.713-t0.83.msh
-6 52.2516720162 0.321462971105 1.0 0 #six-leaf-clover-c0.91-w0.713-t0.857.msh
-6 51.8216887543 0.319495803729 1.0 0 #six-leaf-clover-c0.91-w0.713-t0.883.msh
-6 51.0233019818 0.317290442604 1.0 0 #six-leaf-clover-c0.91-w0.713-t0.91.msh
-6 50.1056399481 0.315255706859 1.0 0 #six-leaf-clover-c0.91-w0.713-t0.937.msh
-6 49.329875565 0.3125906385 1.0 0 #six-leaf-clover-c0.91-w0.713-t0.963.msh
-6 48.4375320617 0.308710183294 1.0 0 #six-leaf-clover-c0.91-w0.713-t0.99.msh
-6 62.412913853 0.318518371803 1.0 0 #six-leaf-clover-c0.91-w0.767-t0.75.msh
-6 62.1257517333 0.316575898265 1.0 0 #six-leaf-clover-c0.91-w0.767-t0.777.msh
-6 61.6646427471 0.315196155641 1.0 0 #six-leaf-clover-c0.91-w0.767-t0.803.msh
-6 61.3051777617 0.313350742552 1.0 0 #six-leaf-clover-c0.91-w0.767-t0.83.msh
-6 60.860037398 0.31115686514 1.0 0 #six-leaf-clover-c0.91-w0.767-t0.857.msh
-6 60.3129529095 0.307873177024 1.0 0 #six-leaf-clover-c0.91-w0.767-t0.883.msh
-6 59.6732266796 0.305961960238 1.0 0 #six-leaf-clover-c0.91-w0.767-t0.91.msh
-6 59.0074655912 0.303488190436 1.0 0 #six-leaf-clover-c0.91-w0.767-t0.937.msh
-6 58.4021934775 0.300369861657 1.0 0 #six-leaf-clover-c0.91-w0.767-t0.963.msh
-6 57.4833736815 0.297435543876 1.0 0 #six-leaf-clover-c0.91-w0.767-t0.99.msh
-6 87.5433261616 0.311036815147 1.0 0 #six-leaf-clover-c0.91-w0.82-t0.75.msh
-6 87.1850933511 0.30919663462 1.0 0 #six-leaf-clover-c0.91-w0.82-t0.777.msh
-6 86.8390578904 0.306530523987 1.0 0 #six-leaf-clover-c0.91-w0.82-t0.803.msh
-6 86.6029113191 0.303980198194 1.0 0 #six-leaf-clover-c0.91-w0.82-t0.83.msh
-6 86.2657576261 0.301373574731 1.0 0 #six-leaf-clover-c0.91-w0.82-t0.857.msh
-6 85.7925517446 0.297958129435 1.0 0 #six-leaf-clover-c0.91-w0.82-t0.883.msh
-6 85.2528060238 0.295003374448 1.0 0 #six-leaf-clover-c0.91-w0.82-t0.91.msh
-6 84.8544688788 0.291389282459 1.0 0 #six-leaf-clover-c0.91-w0.82-t0.937.msh
-6 84.1708593816 0.28624335373 1.0 0 #six-leaf-clover-c0.91-w0.82-t0.963.msh
-6 83.7922520181 0.282791884138 1.0 0 #six-leaf-clover-c0.91-w0.82-t0.99.msh
-6 121.907642609 0.296374841268 1.0 0 #six-leaf-clover-c0.91-w0.873-t0.75.msh
-6 121.791819796 0.294429472594 1.0 0 #six-leaf-clover-c0.91-w0.873-t0.777.msh
-6 121.584114385 0.292029077748 1.0 0 #six-leaf-clover-c0.91-w0.873-t0.803.msh
-6 121.283415201 0.289874467747 1.0 0 #six-leaf-clover-c0.91-w0.873-t0.83.msh
-6 120.903727736 0.286515088258 1.0 0 #six-leaf-clover-c0.91-w0.873-t0.857.msh
-6 120.880837076 0.284904711333 1.0 0 #six-leaf-clover-c0.91-w0.873-t0.883.msh
-6 120.401942978 0.28085927337 1.0 0 #six-leaf-clover-c0.91-w0.873-t0.91.msh
-6 120.146882086 0.277451091472 1.0 0 #six-leaf-clover-c0.91-w0.873-t0.937.msh
-6 119.698110294 0.274431871126 1.0 0 #six-leaf-clover-c0.91-w0.873-t0.963.msh
-6 119.547030869 0.271090064048 1.0 0 #six-leaf-clover-c0.91-w0.873-t0.99.msh
-6 182.819641873 0.291024080199 1.0 0 #six-leaf-clover-c0.91-w0.927-t0.75.msh
-6 182.442352429 0.290473631621 1.0 0 #six-leaf-clover-c0.91-w0.927-t0.777.msh
-6 182.001672034 0.288529793463 1.0 0 #six-leaf-clover-c0.91-w0.927-t0.803.msh
-6 182.197846536 0.287560303786 1.0 0 #six-leaf-clover-c0.91-w0.927-t0.83.msh
-6 181.595102472 0.286225869255 1.0 0 #six-leaf-clover-c0.91-w0.927-t0.857.msh
-6 181.391772862 0.285035380717 1.0 0 #six-leaf-clover-c0.91-w0.927-t0.883.msh
-6 181.042109832 0.284359867819 1.0 0 #six-leaf-clover-c0.91-w0.927-t0.91.msh
-6 180.906269555 0.282785796928 1.0 0 #six-leaf-clover-c0.91-w0.927-t0.937.msh
-6 180.574086189 0.281471158556 1.0 0 #six-leaf-clover-c0.91-w0.927-t0.963.msh
-6 180.211713266 0.279925830873 1.0 0 #six-leaf-clover-c0.91-w0.927-t0.99.msh
-6 199.54711729 0.348786999771 1.0 0 #six-leaf-clover-c0.91-w0.98-t0.75.msh
-6 199.54711729 0.348786999771 1.0 0 #six-leaf-clover-c0.91-w0.98-t0.777.msh
-6 199.54711729 0.348786999771 1.0 0 #six-leaf-clover-c0.91-w0.98-t0.803.msh
-6 199.54711729 0.348786999771 1.0 0 #six-leaf-clover-c0.91-w0.98-t0.83.msh
-6 199.54711729 0.348786999771 1.0 0 #six-leaf-clover-c0.91-w0.98-t0.857.msh
-6 199.54711729 0.348786999771 1.0 0 #six-leaf-clover-c0.91-w0.98-t0.883.msh
-6 199.54711729 0.348786999771 1.0 0 #six-leaf-clover-c0.91-w0.98-t0.91.msh
-6 199.54711729 0.348786999771 1.0 0 #six-leaf-clover-c0.91-w0.98-t0.937.msh
-6 199.54711729 0.348786999771 1.0 0 #six-leaf-clover-c0.91-w0.98-t0.963.msh
-6 199.54711729 0.348786999771 1.0 0 #six-leaf-clover-c0.91-w0.98-t0.99.msh
-6 36.7373820986 0.349627534913 1.0 0 #six-leaf-clover-c0.937-w0.5-t0.75.msh
-6 36.3220311269 0.34893143805 1.0 0 #six-leaf-clover-c0.937-w0.5-t0.777.msh
-6 35.856350609 0.348123586694 1.0 0 #six-leaf-clover-c0.937-w0.5-t0.803.msh
-6 35.314736522 0.34732027387 1.0 0 #six-leaf-clover-c0.937-w0.5-t0.83.msh
-6 34.7366812976 0.346172812296 1.0 0 #six-leaf-clover-c0.937-w0.5-t0.857.msh
-6 34.0655782794 0.344984610105 1.0 0 #six-leaf-clover-c0.937-w0.5-t0.883.msh
-6 33.1891717442 0.344052297852 1.0 0 #six-leaf-clover-c0.937-w0.5-t0.91.msh
-6 32.3418957345 0.342455832805 1.0 0 #six-leaf-clover-c0.937-w0.5-t0.937.msh
-6 31.4195484042 0.340139810392 1.0 0 #six-leaf-clover-c0.937-w0.5-t0.963.msh
-6 30.2902500195 0.336745507745 1.0 0 #six-leaf-clover-c0.937-w0.5-t0.99.msh
-6 39.3239841648 0.347353896553 1.0 0 #six-leaf-clover-c0.937-w0.553-t0.75.msh
-6 38.8959645613 0.34648627574 1.0 0 #six-leaf-clover-c0.937-w0.553-t0.777.msh
-6 38.3999365305 0.345513769935 1.0 0 #six-leaf-clover-c0.937-w0.553-t0.803.msh
-6 37.8434400892 0.344519066255 1.0 0 #six-leaf-clover-c0.937-w0.553-t0.83.msh
-6 37.210180348 0.343485122273 1.0 0 #six-leaf-clover-c0.937-w0.553-t0.857.msh
-6 36.5683262532 0.341943084215 1.0 0 #six-leaf-clover-c0.937-w0.553-t0.883.msh
-6 35.8705142553 0.34008870862 1.0 0 #six-leaf-clover-c0.937-w0.553-t0.91.msh
-6 34.9883173513 0.338268428998 1.0 0 #six-leaf-clover-c0.937-w0.553-t0.937.msh
-6 34.0520717636 0.335548104313 1.0 0 #six-leaf-clover-c0.937-w0.553-t0.963.msh
-6 32.9478550164 0.332474281127 1.0 0 #six-leaf-clover-c0.937-w0.553-t0.99.msh
-6 42.5303270892 0.345942860623 1.0 0 #six-leaf-clover-c0.937-w0.607-t0.75.msh
-6 41.9206346862 0.344098153621 1.0 0 #six-leaf-clover-c0.937-w0.607-t0.777.msh
-6 41.3739126029 0.34313221389 1.0 0 #six-leaf-clover-c0.937-w0.607-t0.803.msh
-6 40.78798239 0.341920769908 1.0 0 #six-leaf-clover-c0.937-w0.607-t0.83.msh
-6 40.1486620986 0.340545071523 1.0 0 #six-leaf-clover-c0.937-w0.607-t0.857.msh
-6 39.611251156 0.338271844528 1.0 0 #six-leaf-clover-c0.937-w0.607-t0.883.msh
-6 38.826713028 0.336656126596 1.0 0 #six-leaf-clover-c0.937-w0.607-t0.91.msh
-6 37.9920472937 0.334174051858 1.0 0 #six-leaf-clover-c0.937-w0.607-t0.937.msh
-6 37.0319762541 0.332112727646 1.0 0 #six-leaf-clover-c0.937-w0.607-t0.963.msh
-6 36.0341641768 0.328980904543 1.0 0 #six-leaf-clover-c0.937-w0.607-t0.99.msh
-6 46.5240067602 0.340483457049 1.0 0 #six-leaf-clover-c0.937-w0.66-t0.75.msh
-6 45.9297710276 0.339312576293 1.0 0 #six-leaf-clover-c0.937-w0.66-t0.777.msh
-6 45.5010278253 0.337792721278 1.0 0 #six-leaf-clover-c0.937-w0.66-t0.803.msh
-6 44.9257266734 0.336438416854 1.0 0 #six-leaf-clover-c0.937-w0.66-t0.83.msh
-6 44.2605663868 0.335050557093 1.0 0 #six-leaf-clover-c0.937-w0.66-t0.857.msh
-6 43.6366429633 0.33331823463 1.0 0 #six-leaf-clover-c0.937-w0.66-t0.883.msh
-6 42.899036276 0.331497331127 1.0 0 #six-leaf-clover-c0.937-w0.66-t0.91.msh
-6 42.0531105553 0.32932952567 1.0 0 #six-leaf-clover-c0.937-w0.66-t0.937.msh
-6 41.1113307801 0.326908020057 1.0 0 #six-leaf-clover-c0.937-w0.66-t0.963.msh
-6 40.3615948992 0.322842425882 1.0 0 #six-leaf-clover-c0.937-w0.66-t0.99.msh
-6 51.8941942873 0.33277980635 1.0 0 #six-leaf-clover-c0.937-w0.713-t0.75.msh
-6 51.356755251 0.331127399401 1.0 0 #six-leaf-clover-c0.937-w0.713-t0.777.msh
-6 50.9357959731 0.328430006265 1.0 0 #six-leaf-clover-c0.937-w0.713-t0.803.msh
-6 50.3164913928 0.327646873806 1.0 0 #six-leaf-clover-c0.937-w0.713-t0.83.msh
-6 49.7054785069 0.325030869062 1.0 0 #six-leaf-clover-c0.937-w0.713-t0.857.msh
-6 49.1138766202 0.324335672108 1.0 0 #six-leaf-clover-c0.937-w0.713-t0.883.msh
-6 48.4623748457 0.322312410764 1.0 0 #six-leaf-clover-c0.937-w0.713-t0.91.msh
-6 47.6019725674 0.319587255406 1.0 0 #six-leaf-clover-c0.937-w0.713-t0.937.msh
-6 46.9828738254 0.317359513087 1.0 0 #six-leaf-clover-c0.937-w0.713-t0.963.msh
-6 46.0072893992 0.313166421745 1.0 0 #six-leaf-clover-c0.937-w0.713-t0.99.msh
-6 59.4680499297 0.323136006842 1.0 0 #six-leaf-clover-c0.937-w0.767-t0.75.msh
-6 59.2190396681 0.321422759797 1.0 0 #six-leaf-clover-c0.937-w0.767-t0.777.msh
-6 58.4608672485 0.317544853497 1.0 0 #six-leaf-clover-c0.937-w0.767-t0.83.msh
-6 58.0642996385 0.316035945195 1.0 0 #six-leaf-clover-c0.937-w0.767-t0.857.msh
-6 57.5782110898 0.313234664506 1.0 0 #six-leaf-clover-c0.937-w0.767-t0.883.msh
-6 56.9258575797 0.310211680529 1.0 0 #six-leaf-clover-c0.937-w0.767-t0.91.msh
-6 56.427156308 0.307614401537 1.0 0 #six-leaf-clover-c0.937-w0.767-t0.937.msh
-6 55.7336105693 0.304782960205 1.0 0 #six-leaf-clover-c0.937-w0.767-t0.963.msh
-6 54.9879181208 0.30196621265 1.0 0 #six-leaf-clover-c0.937-w0.767-t0.99.msh
-6 84.0885462133 0.313822424302 1.0 0 #six-leaf-clover-c0.937-w0.82-t0.75.msh
-6 83.7880877292 0.312304190152 1.0 0 #six-leaf-clover-c0.937-w0.82-t0.777.msh
-6 83.4779219354 0.309821656527 1.0 0 #six-leaf-clover-c0.937-w0.82-t0.803.msh
-6 83.0958328688 0.307958194412 1.0 0 #six-leaf-clover-c0.937-w0.82-t0.83.msh
-6 82.8966543669 0.304705256735 1.0 0 #six-leaf-clover-c0.937-w0.82-t0.857.msh
-6 82.3257753867 0.301249946603 1.0 0 #six-leaf-clover-c0.937-w0.82-t0.883.msh
-6 82.0599791688 0.299129833688 1.0 0 #six-leaf-clover-c0.937-w0.82-t0.91.msh
-6 81.518809464 0.294701009276 1.0 0 #six-leaf-clover-c0.937-w0.82-t0.937.msh
-6 80.9937166776 0.290274853823 1.0 0 #six-leaf-clover-c0.937-w0.82-t0.963.msh
-6 80.5553060106 0.287095495607 1.0 0 #six-leaf-clover-c0.937-w0.82-t0.99.msh
-6 118.730966262 0.298685007887 1.0 0 #six-leaf-clover-c0.937-w0.873-t0.75.msh
-6 118.628316279 0.296516686631 1.0 0 #six-leaf-clover-c0.937-w0.873-t0.777.msh
-6 118.48590413 0.294334710928 1.0 0 #six-leaf-clover-c0.937-w0.873-t0.803.msh
-6 118.224165574 0.291954907116 1.0 0 #six-leaf-clover-c0.937-w0.873-t0.83.msh
-6 118.057942478 0.289890748517 1.0 0 #six-leaf-clover-c0.937-w0.873-t0.857.msh
-6 117.94621824 0.287634331248 1.0 0 #six-leaf-clover-c0.937-w0.873-t0.883.msh
-6 117.558783679 0.283328458615 1.0 0 #six-leaf-clover-c0.937-w0.873-t0.91.msh
-6 117.39440962 0.280328698245 1.0 0 #six-leaf-clover-c0.937-w0.873-t0.937.msh
-6 116.990826217 0.276834903465 1.0 0 #six-leaf-clover-c0.937-w0.873-t0.963.msh
-6 116.710828653 0.27390420723 1.0 0 #six-leaf-clover-c0.937-w0.873-t0.99.msh
-6 182.205468326 0.290007268601 1.0 0 #six-leaf-clover-c0.937-w0.927-t0.75.msh
-6 181.804397384 0.289127440262 1.0 0 #six-leaf-clover-c0.937-w0.927-t0.777.msh
-6 181.626369057 0.287863227752 1.0 0 #six-leaf-clover-c0.937-w0.927-t0.803.msh
-6 181.292594788 0.285949722325 1.0 0 #six-leaf-clover-c0.937-w0.927-t0.83.msh
-6 180.940872126 0.284793502696 1.0 0 #six-leaf-clover-c0.937-w0.927-t0.857.msh
-6 180.911404288 0.284351270165 1.0 0 #six-leaf-clover-c0.937-w0.927-t0.883.msh
-6 180.394819781 0.282688585624 1.0 0 #six-leaf-clover-c0.937-w0.927-t0.91.msh
-6 180.119053921 0.281431858748 1.0 0 #six-leaf-clover-c0.937-w0.927-t0.937.msh
-6 180.085623914 0.280036793239 1.0 0 #six-leaf-clover-c0.937-w0.927-t0.963.msh
-6 179.519390645 0.278355730579 1.0 0 #six-leaf-clover-c0.937-w0.927-t0.99.msh
-6 199.54711729 0.348786999771 1.0 0 #six-leaf-clover-c0.937-w0.98-t0.75.msh
-6 199.54711729 0.348786999771 1.0 0 #six-leaf-clover-c0.937-w0.98-t0.777.msh
-6 199.54711729 0.348786999771 1.0 0 #six-leaf-clover-c0.937-w0.98-t0.803.msh
-6 199.54711729 0.348786999771 1.0 0 #six-leaf-clover-c0.937-w0.98-t0.83.msh
-6 199.54711729 0.348786999771 1.0 0 #six-leaf-clover-c0.937-w0.98-t0.857.msh
-6 199.54711729 0.348786999771 1.0 0 #six-leaf-clover-c0.937-w0.98-t0.883.msh
-6 199.54711729 0.348786999771 1.0 0 #six-leaf-clover-c0.937-w0.98-t0.91.msh
-6 199.54711729 0.348786999771 1.0 0 #six-leaf-clover-c0.937-w0.98-t0.937.msh
-6 199.54711729 0.348786999771 1.0 0 #six-leaf-clover-c0.937-w0.98-t0.963.msh
-6 199.54711729 0.348786999771 1.0 0 #six-leaf-clover-c0.937-w0.98-t0.99.msh
-6 33.8703231401 0.35613157828 1.0 0 #six-leaf-clover-c0.963-w0.5-t0.75.msh
-6 33.5098776652 0.355532114555 1.0 0 #six-leaf-clover-c0.963-w0.5-t0.777.msh
-6 33.1116474124 0.354747148476 1.0 0 #six-leaf-clover-c0.963-w0.5-t0.803.msh
-6 32.6547145675 0.353931855209 1.0 0 #six-leaf-clover-c0.963-w0.5-t0.83.msh
-6 32.150834723 0.352857382196 1.0 0 #six-leaf-clover-c0.963-w0.5-t0.857.msh
-6 31.5714456512 0.351708537507 1.0 0 #six-leaf-clover-c0.963-w0.5-t0.883.msh
-6 30.9187305107 0.350339539675 1.0 0 #six-leaf-clover-c0.963-w0.5-t0.91.msh
-6 30.1524291144 0.34914727808 1.0 0 #six-leaf-clover-c0.963-w0.5-t0.937.msh
-6 29.3013371431 0.347296646347 1.0 0 #six-leaf-clover-c0.963-w0.5-t0.963.msh
-6 28.3392870374 0.343706962164 1.0 0 #six-leaf-clover-c0.963-w0.5-t0.99.msh
-6 36.5963471904 0.352482301837 1.0 0 #six-leaf-clover-c0.963-w0.553-t0.75.msh
-6 36.2248238434 0.351633651997 1.0 0 #six-leaf-clover-c0.963-w0.553-t0.777.msh
-6 35.7812788597 0.350852192117 1.0 0 #six-leaf-clover-c0.963-w0.553-t0.803.msh
-6 35.2911963931 0.349926687921 1.0 0 #six-leaf-clover-c0.963-w0.553-t0.83.msh
-6 34.7510103747 0.348849146914 1.0 0 #six-leaf-clover-c0.963-w0.553-t0.857.msh
-6 34.1829733706 0.347442890585 1.0 0 #six-leaf-clover-c0.963-w0.553-t0.883.msh
-6 33.5338188217 0.34469628954 1.0 0 #six-leaf-clover-c0.963-w0.553-t0.91.msh
-6 32.8085221164 0.342704754395 1.0 0 #six-leaf-clover-c0.963-w0.553-t0.937.msh
-6 31.9519919321 0.340996362505 1.0 0 #six-leaf-clover-c0.963-w0.553-t0.963.msh
-6 30.9774622269 0.337417438207 1.0 0 #six-leaf-clover-c0.963-w0.553-t0.99.msh
-6 39.4315988854 0.347863549078 1.0 0 #six-leaf-clover-c0.963-w0.607-t0.75.msh
-6 39.0605691471 0.346872868728 1.0 0 #six-leaf-clover-c0.963-w0.607-t0.777.msh
-6 38.6328408517 0.345851086143 1.0 0 #six-leaf-clover-c0.963-w0.607-t0.803.msh
-6 38.1150904705 0.344803922603 1.0 0 #six-leaf-clover-c0.963-w0.607-t0.83.msh
-6 37.5461324242 0.343429243972 1.0 0 #six-leaf-clover-c0.963-w0.607-t0.857.msh
-6 37.0823603207 0.341382144599 1.0 0 #six-leaf-clover-c0.963-w0.607-t0.883.msh
-6 36.3840255351 0.339834569034 1.0 0 #six-leaf-clover-c0.963-w0.607-t0.91.msh
-6 35.6510031405 0.3376818167 1.0 0 #six-leaf-clover-c0.963-w0.607-t0.937.msh
-6 34.7935226667 0.335574300158 1.0 0 #six-leaf-clover-c0.963-w0.607-t0.963.msh
-6 33.8823515284 0.332891264969 1.0 0 #six-leaf-clover-c0.963-w0.607-t0.99.msh
-6 43.4666403821 0.344051170223 1.0 0 #six-leaf-clover-c0.963-w0.66-t0.75.msh
-6 43.1583781638 0.342223606548 1.0 0 #six-leaf-clover-c0.963-w0.66-t0.777.msh
-6 42.7781261725 0.340829439528 1.0 0 #six-leaf-clover-c0.963-w0.66-t0.803.msh
-6 42.2554692559 0.339664859387 1.0 0 #six-leaf-clover-c0.963-w0.66-t0.83.msh
-6 41.5355678223 0.339202719079 1.0 0 #six-leaf-clover-c0.963-w0.66-t0.857.msh
-6 41.1261514999 0.336619631368 1.0 0 #six-leaf-clover-c0.963-w0.66-t0.883.msh
-6 40.5128680207 0.334610382606 1.0 0 #six-leaf-clover-c0.963-w0.66-t0.91.msh
-6 39.7575521904 0.332530702975 1.0 0 #six-leaf-clover-c0.963-w0.66-t0.937.msh
-6 38.9256576951 0.330239855547 1.0 0 #six-leaf-clover-c0.963-w0.66-t0.963.msh
-6 38.2181342624 0.326614878817 1.0 0 #six-leaf-clover-c0.963-w0.66-t0.99.msh
-6 49.0581947344 0.336515630031 1.0 0 #six-leaf-clover-c0.963-w0.713-t0.75.msh
-6 48.5726827067 0.335408759046 1.0 0 #six-leaf-clover-c0.963-w0.713-t0.777.msh
-6 48.1897154789 0.333835173401 1.0 0 #six-leaf-clover-c0.963-w0.713-t0.803.msh
-6 47.6863822495 0.332261611713 1.0 0 #six-leaf-clover-c0.963-w0.713-t0.83.msh
-6 47.0891024302 0.330219626189 1.0 0 #six-leaf-clover-c0.963-w0.713-t0.857.msh
-6 46.6153380463 0.328551625611 1.0 0 #six-leaf-clover-c0.963-w0.713-t0.883.msh
-6 45.2122260274 0.324330917272 1.0 0 #six-leaf-clover-c0.963-w0.713-t0.937.msh
-6 44.6200864289 0.321987105284 1.0 0 #six-leaf-clover-c0.963-w0.713-t0.963.msh
-6 43.8115365402 0.31865436182 1.0 0 #six-leaf-clover-c0.963-w0.713-t0.99.msh
-6 56.5004108101 0.327455539442 1.0 0 #six-leaf-clover-c0.963-w0.767-t0.75.msh
-6 56.3919358382 0.325334320291 1.0 0 #six-leaf-clover-c0.963-w0.767-t0.777.msh
-6 56.0140134613 0.324509667875 1.0 0 #six-leaf-clover-c0.963-w0.767-t0.803.msh
-6 55.6151786694 0.322062034312 1.0 0 #six-leaf-clover-c0.963-w0.767-t0.83.msh
-6 55.3311749366 0.320047350074 1.0 0 #six-leaf-clover-c0.963-w0.767-t0.857.msh
-6 54.6734600765 0.317309786795 1.0 0 #six-leaf-clover-c0.963-w0.767-t0.883.msh
-6 54.2653166246 0.315306288902 1.0 0 #six-leaf-clover-c0.963-w0.767-t0.91.msh
-6 53.7787684418 0.313032047276 1.0 0 #six-leaf-clover-c0.963-w0.767-t0.937.msh
-6 53.1790720995 0.3104170232 1.0 0 #six-leaf-clover-c0.963-w0.767-t0.963.msh
-6 52.4889531398 0.307215426237 1.0 0 #six-leaf-clover-c0.963-w0.767-t0.99.msh
-6 80.9846957274 0.316011442423 1.0 0 #six-leaf-clover-c0.963-w0.82-t0.75.msh
-6 80.6212655996 0.315160166272 1.0 0 #six-leaf-clover-c0.963-w0.82-t0.777.msh
-6 80.3438655391 0.312693867554 1.0 0 #six-leaf-clover-c0.963-w0.82-t0.803.msh
-6 80.1214364434 0.310479552454 1.0 0 #six-leaf-clover-c0.963-w0.82-t0.83.msh
-6 79.8649728156 0.308032418916 1.0 0 #six-leaf-clover-c0.963-w0.82-t0.857.msh
-6 79.4845567487 0.305060664731 1.0 0 #six-leaf-clover-c0.963-w0.82-t0.883.msh
-6 79.0991285597 0.302350887367 1.0 0 #six-leaf-clover-c0.963-w0.82-t0.91.msh
-6 78.5772911715 0.29767741465 1.0 0 #six-leaf-clover-c0.963-w0.82-t0.937.msh
-6 78.1888355714 0.293849127049 1.0 0 #six-leaf-clover-c0.963-w0.82-t0.963.msh
-6 77.6095503485 0.290315882991 1.0 0 #six-leaf-clover-c0.963-w0.82-t0.99.msh
-6 116.091976517 0.301104171855 1.0 0 #six-leaf-clover-c0.963-w0.873-t0.75.msh
-6 115.823552262 0.298859577054 1.0 0 #six-leaf-clover-c0.963-w0.873-t0.777.msh
-6 115.83852317 0.297218894501 1.0 0 #six-leaf-clover-c0.963-w0.873-t0.803.msh
-6 115.453945642 0.295074462757 1.0 0 #six-leaf-clover-c0.963-w0.873-t0.83.msh
-6 115.176413551 0.291909701347 1.0 0 #six-leaf-clover-c0.963-w0.873-t0.857.msh
-6 114.925020793 0.290036594045 1.0 0 #six-leaf-clover-c0.963-w0.873-t0.883.msh
-6 114.71492778 0.285779893383 1.0 0 #six-leaf-clover-c0.963-w0.873-t0.91.msh
-6 114.339533113 0.283067184266 1.0 0 #six-leaf-clover-c0.963-w0.873-t0.937.msh
-6 114.252218541 0.279945010044 1.0 0 #six-leaf-clover-c0.963-w0.873-t0.963.msh
-6 113.924244186 0.275943742035 1.0 0 #six-leaf-clover-c0.963-w0.873-t0.99.msh
-6 181.488951903 0.288245695685 1.0 0 #six-leaf-clover-c0.963-w0.927-t0.75.msh
-6 181.35152451 0.287526430076 1.0 0 #six-leaf-clover-c0.963-w0.927-t0.777.msh
-6 180.993355992 0.286438140905 1.0 0 #six-leaf-clover-c0.963-w0.927-t0.803.msh
-6 180.739085925 0.285182120738 1.0 0 #six-leaf-clover-c0.963-w0.927-t0.83.msh
-6 180.415977911 0.283608196035 1.0 0 #six-leaf-clover-c0.963-w0.927-t0.857.msh
-6 180.072251392 0.282791844056 1.0 0 #six-leaf-clover-c0.963-w0.927-t0.883.msh
-6 179.67957268 0.280891174981 1.0 0 #six-leaf-clover-c0.963-w0.927-t0.91.msh
-6 179.355971432 0.279997578507 1.0 0 #six-leaf-clover-c0.963-w0.927-t0.937.msh
-6 179.232857216 0.27852197103 1.0 0 #six-leaf-clover-c0.963-w0.927-t0.963.msh
-6 178.704987905 0.27692377146 1.0 0 #six-leaf-clover-c0.963-w0.927-t0.99.msh
-6 199.54711729 0.348786999771 1.0 0 #six-leaf-clover-c0.963-w0.98-t0.75.msh
-6 199.54711729 0.348786999771 1.0 0 #six-leaf-clover-c0.963-w0.98-t0.777.msh
-6 199.54711729 0.348786999771 1.0 0 #six-leaf-clover-c0.963-w0.98-t0.803.msh
-6 199.54711729 0.348786999771 1.0 0 #six-leaf-clover-c0.963-w0.98-t0.83.msh
-6 199.54711729 0.348786999771 1.0 0 #six-leaf-clover-c0.963-w0.98-t0.857.msh
-6 199.54711729 0.348786999771 1.0 0 #six-leaf-clover-c0.963-w0.98-t0.883.msh
-6 199.54711729 0.348786999771 1.0 0 #six-leaf-clover-c0.963-w0.98-t0.91.msh
-6 199.54711729 0.348786999771 1.0 0 #six-leaf-clover-c0.963-w0.98-t0.937.msh
-6 199.54711729 0.348786999771 1.0 0 #six-leaf-clover-c0.963-w0.98-t0.963.msh
-6 199.54711729 0.348786999771 1.0 0 #six-leaf-clover-c0.963-w0.98-t0.99.msh
-6 30.9727574494 0.35758755286 1.0 0 #six-leaf-clover-c0.99-w0.5-t0.75.msh
-6 30.520804309 0.356236099688 1.0 0 #six-leaf-clover-c0.99-w0.5-t0.777.msh
-6 30.1920125781 0.355536114946 1.0 0 #six-leaf-clover-c0.99-w0.5-t0.803.msh
-6 29.9290124567 0.354452435395 1.0 0 #six-leaf-clover-c0.99-w0.5-t0.83.msh
-6 29.4939268664 0.353642299813 1.0 0 #six-leaf-clover-c0.99-w0.5-t0.857.msh
-6 29.0331696887 0.353708099829 1.0 0 #six-leaf-clover-c0.99-w0.5-t0.883.msh
-6 28.3580286036 0.352999683899 1.0 0 #six-leaf-clover-c0.99-w0.5-t0.91.msh
-6 27.7300854471 0.351610987551 1.0 0 #six-leaf-clover-c0.99-w0.5-t0.937.msh
-6 26.9979145789 0.350024076731 1.0 0 #six-leaf-clover-c0.99-w0.5-t0.963.msh
-6 26.1737521214 0.346736073396 1.0 0 #six-leaf-clover-c0.99-w0.5-t0.99.msh
-6 33.3539252746 0.353556909683 1.0 0 #six-leaf-clover-c0.99-w0.553-t0.75.msh
-6 33.0448811245 0.352829176449 1.0 0 #six-leaf-clover-c0.99-w0.553-t0.777.msh
-6 32.677775064 0.352107384734 1.0 0 #six-leaf-clover-c0.99-w0.553-t0.803.msh
-6 32.4298920622 0.350860502279 1.0 0 #six-leaf-clover-c0.99-w0.553-t0.83.msh
-6 31.8080925875 0.350374322276 1.0 0 #six-leaf-clover-c0.99-w0.553-t0.857.msh
-6 31.4648432798 0.348909080881 1.0 0 #six-leaf-clover-c0.99-w0.553-t0.883.msh
-6 30.948039441 0.34722641283 1.0 0 #six-leaf-clover-c0.99-w0.553-t0.91.msh
-6 30.2970579291 0.345552327009 1.0 0 #six-leaf-clover-c0.99-w0.553-t0.937.msh
-6 29.5666509132 0.343337856143 1.0 0 #six-leaf-clover-c0.99-w0.553-t0.963.msh
-6 28.7244491982 0.34070800076 1.0 0 #six-leaf-clover-c0.99-w0.553-t0.99.msh
-6 36.6994333811 0.352473258363 1.0 0 #six-leaf-clover-c0.99-w0.607-t0.75.msh
-6 36.3790553231 0.351518520326 1.0 0 #six-leaf-clover-c0.99-w0.607-t0.777.msh
-6 35.9968249169 0.350632169609 1.0 0 #six-leaf-clover-c0.99-w0.607-t0.803.msh
-6 35.6762144366 0.349726737144 1.0 0 #six-leaf-clover-c0.99-w0.607-t0.83.msh
-6 35.1784309521 0.348423077475 1.0 0 #six-leaf-clover-c0.99-w0.607-t0.857.msh
-6 34.7634451282 0.346513567239 1.0 0 #six-leaf-clover-c0.99-w0.607-t0.883.msh
-6 34.1379489435 0.345233330786 1.0 0 #six-leaf-clover-c0.99-w0.607-t0.91.msh
-6 33.4947677286 0.343181379441 1.0 0 #six-leaf-clover-c0.99-w0.607-t0.937.msh
-6 32.703647385 0.341316909157 1.0 0 #six-leaf-clover-c0.99-w0.607-t0.963.msh
-6 31.9260717338 0.338444083259 1.0 0 #six-leaf-clover-c0.99-w0.607-t0.99.msh
-6 40.8718943875 0.346272499206 1.0 0 #six-leaf-clover-c0.99-w0.66-t0.75.msh
-6 40.4713709885 0.345410558401 1.0 0 #six-leaf-clover-c0.99-w0.66-t0.777.msh
-6 40.1293686309 0.3441566406 1.0 0 #six-leaf-clover-c0.99-w0.66-t0.803.msh
-6 39.6746501983 0.343027689238 1.0 0 #six-leaf-clover-c0.99-w0.66-t0.83.msh
-6 39.1464677553 0.341844146476 1.0 0 #six-leaf-clover-c0.99-w0.66-t0.857.msh
-6 38.6622902447 0.340253956866 1.0 0 #six-leaf-clover-c0.99-w0.66-t0.883.msh
-6 38.1224944996 0.338378961665 1.0 0 #six-leaf-clover-c0.99-w0.66-t0.91.msh
-6 37.4509002201 0.336470854331 1.0 0 #six-leaf-clover-c0.99-w0.66-t0.937.msh
-6 36.7116053267 0.33421570812 1.0 0 #six-leaf-clover-c0.99-w0.66-t0.963.msh
-6 36.017180045 0.330873961441 1.0 0 #six-leaf-clover-c0.99-w0.66-t0.99.msh
-6 46.1572888637 0.339993806688 1.0 0 #six-leaf-clover-c0.99-w0.713-t0.75.msh
-6 45.8120826392 0.338094371851 1.0 0 #six-leaf-clover-c0.99-w0.713-t0.777.msh
-6 45.3913680808 0.33691970032 1.0 0 #six-leaf-clover-c0.99-w0.713-t0.803.msh
-6 45.01363862 0.335919120657 1.0 0 #six-leaf-clover-c0.99-w0.713-t0.83.msh
-6 44.268162341 0.334763622822 1.0 0 #six-leaf-clover-c0.99-w0.713-t0.857.msh
-6 43.9523726105 0.332306871017 1.0 0 #six-leaf-clover-c0.99-w0.713-t0.883.msh
-6 43.3973497054 0.330043623656 1.0 0 #six-leaf-clover-c0.99-w0.713-t0.91.msh
-6 42.7226801934 0.32826265777 1.0 0 #six-leaf-clover-c0.99-w0.713-t0.937.msh
-6 42.2548617004 0.326220015212 1.0 0 #six-leaf-clover-c0.99-w0.713-t0.963.msh
-6 41.5181221232 0.323520473306 1.0 0 #six-leaf-clover-c0.99-w0.713-t0.99.msh
-6 53.5931790641 0.331787983461 1.0 0 #six-leaf-clover-c0.99-w0.767-t0.75.msh
-6 53.376368846 0.33015219243 1.0 0 #six-leaf-clover-c0.99-w0.767-t0.777.msh
-6 53.0344766616 0.328871639751 1.0 0 #six-leaf-clover-c0.99-w0.767-t0.803.msh
-6 52.7517839446 0.327168734971 1.0 0 #six-leaf-clover-c0.99-w0.767-t0.83.msh
-6 52.4115180472 0.325036793504 1.0 0 #six-leaf-clover-c0.99-w0.767-t0.857.msh
-6 51.9941099749 0.322832930788 1.0 0 #six-leaf-clover-c0.99-w0.767-t0.883.msh
-6 51.5092724186 0.319671085217 1.0 0 #six-leaf-clover-c0.99-w0.767-t0.91.msh
-6 51.0064425724 0.316991293385 1.0 0 #six-leaf-clover-c0.99-w0.767-t0.937.msh
-6 50.4657252947 0.313900426638 1.0 0 #six-leaf-clover-c0.99-w0.767-t0.963.msh
-6 49.8236520414 0.311236001127 1.0 0 #six-leaf-clover-c0.99-w0.767-t0.99.msh
-6 77.4429772313 0.32001385246 1.0 0 #six-leaf-clover-c0.99-w0.82-t0.75.msh
-6 77.3274244797 0.318468719748 1.0 0 #six-leaf-clover-c0.99-w0.82-t0.777.msh
-6 76.9963959528 0.316351786464 1.0 0 #six-leaf-clover-c0.99-w0.82-t0.803.msh
-6 76.7176480593 0.313821498215 1.0 0 #six-leaf-clover-c0.99-w0.82-t0.83.msh
-6 76.4329876341 0.311600085246 1.0 0 #six-leaf-clover-c0.99-w0.82-t0.857.msh
-6 76.1686884338 0.30789738183 1.0 0 #six-leaf-clover-c0.99-w0.82-t0.883.msh
-6 75.7513730684 0.305558043478 1.0 0 #six-leaf-clover-c0.99-w0.82-t0.91.msh
-6 75.4193425102 0.301428706998 1.0 0 #six-leaf-clover-c0.99-w0.82-t0.937.msh
-6 75.0432509741 0.297325302586 1.0 0 #six-leaf-clover-c0.99-w0.82-t0.963.msh
-6 74.543437172 0.294023635372 1.0 0 #six-leaf-clover-c0.99-w0.82-t0.99.msh
-6 112.65908773 0.303280923813 1.0 0 #six-leaf-clover-c0.99-w0.873-t0.75.msh
-6 112.735944095 0.301638527083 1.0 0 #six-leaf-clover-c0.99-w0.873-t0.777.msh
-6 112.671662251 0.299891118505 1.0 0 #six-leaf-clover-c0.99-w0.873-t0.803.msh
-6 112.430132088 0.296714543116 1.0 0 #six-leaf-clover-c0.99-w0.873-t0.83.msh
-6 112.135974593 0.295000635121 1.0 0 #six-leaf-clover-c0.99-w0.873-t0.857.msh
-6 111.982646713 0.292204267661 1.0 0 #six-leaf-clover-c0.99-w0.873-t0.883.msh
-6 111.603316048 0.289179460926 1.0 0 #six-leaf-clover-c0.99-w0.873-t0.91.msh
-6 111.40563274 0.285655987245 1.0 0 #six-leaf-clover-c0.99-w0.873-t0.937.msh
-6 111.134481669 0.282768540203 1.0 0 #six-leaf-clover-c0.99-w0.873-t0.963.msh
-6 110.889364749 0.279583637934 1.0 0 #six-leaf-clover-c0.99-w0.873-t0.99.msh
-6 180.989617607 0.287487995899 1.0 0 #six-leaf-clover-c0.99-w0.927-t0.75.msh
-6 180.867716056 0.287227852936 1.0 0 #six-leaf-clover-c0.99-w0.927-t0.777.msh
-6 180.295492728 0.285299491895 1.0 0 #six-leaf-clover-c0.99-w0.927-t0.803.msh
-6 180.064874688 0.284327091107 1.0 0 #six-leaf-clover-c0.99-w0.927-t0.83.msh
-6 179.792628532 0.282850027068 1.0 0 #six-leaf-clover-c0.99-w0.927-t0.857.msh
-6 179.335370607 0.281319282719 1.0 0 #six-leaf-clover-c0.99-w0.927-t0.883.msh
-6 179.153639944 0.280342356878 1.0 0 #six-leaf-clover-c0.99-w0.927-t0.91.msh
-6 178.737914678 0.278731632075 1.0 0 #six-leaf-clover-c0.99-w0.927-t0.937.msh
-6 178.622940057 0.277911386845 1.0 0 #six-leaf-clover-c0.99-w0.927-t0.963.msh
-6 178.293271629 0.27585261664 1.0 0 #six-leaf-clover-c0.99-w0.927-t0.99.msh
-6 199.54711729 0.348786999771 1.0 0 #six-leaf-clover-c0.99-w0.98-t0.75.msh
-6 199.54711729 0.348786999771 1.0 0 #six-leaf-clover-c0.99-w0.98-t0.777.msh
-6 199.54711729 0.348786999771 1.0 0 #six-leaf-clover-c0.99-w0.98-t0.803.msh
-6 199.54711729 0.348786999771 1.0 0 #six-leaf-clover-c0.99-w0.98-t0.83.msh
-6 199.54711729 0.348786999771 1.0 0 #six-leaf-clover-c0.99-w0.98-t0.857.msh
-6 199.54711729 0.348786999771 1.0 0 #six-leaf-clover-c0.99-w0.98-t0.883.msh
-6 199.54711729 0.348786999771 1.0 0 #six-leaf-clover-c0.99-w0.98-t0.91.msh
-6 199.54711729 0.348786999771 1.0 0 #six-leaf-clover-c0.99-w0.98-t0.937.msh
-6 199.54711729 0.348786999771 1.0 0 #six-leaf-clover-c0.99-w0.98-t0.963.msh
-6 199.54711729 0.348786999771 1.0 0 #six-leaf-clover-c0.99-w0.98-t0.99.msh
